"E5100A REV3.14"
"DATE: Jun 25 2004"



"CHANNEL: 2"
"MEASURE TYPE: AR"
"FORMAT TYPE: LINMP"
"NUMBER of POINTS: 1601"
"SWEEP TIME:  3.458 s"
"SWEEP TYPE: LINF"
"SOURCE POWER: 0 dBm"
"IF BANDWIDTH: 500 Hz"

"Frequency"	"Main Array"	"Sub Array"
1.00000000000E+04	8.089693E-01	-1.681547E+02
1.18687500000E+04	6.687753E-01	-1.276780E+02
1.37375000000E+04	7.708322E-01	-1.196601E+02
1.56062500000E+04	5.392199E-01	-1.077350E+02
1.74750000000E+04	7.289435E-01	-9.375270E+01
1.93437500000E+04	5.212541E-01	-9.170668E+01
2.12125000000E+04	6.037664E-01	-7.957122E+01
2.30812500000E+04	6.692566E-01	-8.182308E+01
2.49500000000E+04	7.033946E-01	-8.133113E+01
2.68187500000E+04	6.784332E-01	-7.887250E+01
2.86875000000E+04	7.254342E-01	-8.241700E+01
3.05562500000E+04	7.045130E-01	-8.341331E+01
3.24250000000E+04	8.093826E-01	-7.956579E+01
3.42937500000E+04	8.615376E-01	-7.813289E+01
3.61625000000E+04	9.007881E-01	-7.948622E+01
3.80312500000E+04	9.610143E-01	-8.323389E+01
3.99000000000E+04	8.931555E-01	-8.124036E+01
4.17687500000E+04	9.848269E-01	-8.186177E+01
4.36375000000E+04	1.053871E+00	-8.441636E+01
4.55062500000E+04	1.065438E+00	-8.239999E+01
4.73750000000E+04	1.103951E+00	-8.169464E+01
4.92437500000E+04	1.086539E+00	-8.291871E+01
5.11125000000E+04	1.166874E+00	-8.500303E+01
5.29812500000E+04	1.186421E+00	-8.353031E+01
5.48500000000E+04	1.275574E+00	-8.612220E+01
5.67187500000E+04	1.284409E+00	-8.603896E+01
5.85875000000E+04	1.335145E+00	-8.626193E+01
6.04562500000E+04	1.395902E+00	-8.636662E+01
6.23250000000E+04	1.398926E+00	-8.577930E+01
6.41937500000E+04	1.480991E+00	-8.496508E+01
6.60625000000E+04	1.497301E+00	-8.517823E+01
6.79312500000E+04	1.547976E+00	-8.587344E+01
6.98000000000E+04	1.598065E+00	-8.552136E+01
7.16687500000E+04	1.633725E+00	-8.686157E+01
7.35375000000E+04	1.672141E+00	-8.634164E+01
7.54062500000E+04	1.718896E+00	-8.650520E+01
7.72750000000E+04	1.798637E+00	-8.716895E+01
7.91437500000E+04	1.831181E+00	-8.579893E+01
8.10125000000E+04	1.842237E+00	-8.678163E+01
8.28812500000E+04	1.904837E+00	-8.759400E+01
8.47500000000E+04	1.943334E+00	-8.703173E+01
8.66187500000E+04	1.974075E+00	-8.785050E+01
8.84875000000E+04	2.020985E+00	-8.763638E+01
9.03562500000E+04	2.071971E+00	-8.735551E+01
9.22250000000E+04	2.106394E+00	-8.793171E+01
9.40937500000E+04	2.174681E+00	-8.786401E+01
9.59625000000E+04	2.217787E+00	-8.769257E+01
9.78312500000E+04	2.230797E+00	-8.783068E+01
9.97000000000E+04	2.277637E+00	-8.832590E+01
1.01568750000E+05	2.330505E+00	-8.736861E+01
1.03437500000E+05	2.371769E+00	-8.776994E+01
1.05306250000E+05	2.423518E+00	-8.795252E+01
1.07175000000E+05	2.447253E+00	-8.805232E+01
1.09043750000E+05	2.486732E+00	-8.815186E+01
1.10912500000E+05	2.527679E+00	-8.818288E+01
1.12781250000E+05	2.579151E+00	-8.811548E+01
1.14650000000E+05	2.599671E+00	-8.821716E+01
1.16518750000E+05	2.638352E+00	-8.844400E+01
1.18387500000E+05	2.713975E+00	-8.789421E+01
1.20256250000E+05	2.749174E+00	-8.877341E+01
1.22125000000E+05	2.785238E+00	-8.859167E+01
1.23993750000E+05	2.841030E+00	-8.826488E+01
1.25862500000E+05	2.866572E+00	-8.836681E+01
1.27731250000E+05	2.904011E+00	-8.837358E+01
1.29600000000E+05	2.961146E+00	-8.846396E+01
1.31468750000E+05	2.961365E+00	-8.840136E+01
1.33337500000E+05	3.021143E+00	-8.876273E+01
1.35206250000E+05	3.069797E+00	-8.870144E+01
1.37075000000E+05	3.114188E+00	-8.830874E+01
1.38943750000E+05	3.139888E+00	-8.889214E+01
1.40812500000E+05	3.190130E+00	-8.889227E+01
1.42681250000E+05	3.256953E+00	-8.878986E+01
1.44550000000E+05	3.284622E+00	-8.856974E+01
1.46418750000E+05	3.321417E+00	-8.881019E+01
1.48287500000E+05	3.379689E+00	-8.869248E+01
1.50156250000E+05	3.430493E+00	-8.911392E+01
1.52025000000E+05	3.463361E+00	-8.894073E+01
1.53893750000E+05	3.490159E+00	-8.879988E+01
1.55762500000E+05	3.532817E+00	-8.903503E+01
1.57631250000E+05	3.596604E+00	-8.917543E+01
1.59500000000E+05	3.621987E+00	-8.886137E+01
1.61368750000E+05	3.652699E+00	-8.902114E+01
1.63237500000E+05	3.691453E+00	-8.872948E+01
1.65106250000E+05	3.740059E+00	-8.902390E+01
1.66975000000E+05	3.778617E+00	-8.904948E+01
1.68843750000E+05	3.841014E+00	-8.874027E+01
1.70712500000E+05	3.869584E+00	-8.894059E+01
1.72581250000E+05	3.931027E+00	-8.892826E+01
1.74450000000E+05	3.957861E+00	-8.869698E+01
1.76318750000E+05	4.001610E+00	-8.910976E+01
1.78187500000E+05	4.054987E+00	-8.889280E+01
1.80056250000E+05	4.078284E+00	-8.894654E+01
1.81925000000E+05	4.125040E+00	-8.897751E+01
1.83793750000E+05	4.172311E+00	-8.923049E+01
1.85662500000E+05	4.198997E+00	-8.900939E+01
1.87531250000E+05	4.257964E+00	-8.909653E+01
1.89400000000E+05	4.275109E+00	-8.911346E+01
1.91268750000E+05	4.333207E+00	-8.887557E+01
1.93137500000E+05	4.404241E+00	-8.909742E+01
1.95006250000E+05	4.419309E+00	-8.908960E+01
1.96875000000E+05	4.472440E+00	-8.879484E+01
1.98743750000E+05	4.513163E+00	-8.901663E+01
2.00612500000E+05	4.549221E+00	-8.922339E+01
2.02481250000E+05	4.603087E+00	-8.919141E+01
2.04350000000E+05	4.637374E+00	-8.941389E+01
2.06218750000E+05	4.674621E+00	-8.917463E+01
2.08087500000E+05	4.719415E+00	-8.917987E+01
2.09956250000E+05	4.765830E+00	-8.920230E+01
2.11825000000E+05	4.795659E+00	-8.907931E+01
2.13693750000E+05	4.863091E+00	-8.914695E+01
2.15562500000E+05	4.907155E+00	-8.923188E+01
2.17431250000E+05	4.931276E+00	-8.942194E+01
2.19300000000E+05	4.962368E+00	-8.931989E+01
2.21168750000E+05	5.017818E+00	-8.912164E+01
2.23037500000E+05	5.067777E+00	-8.937830E+01
2.24906250000E+05	5.091282E+00	-8.930966E+01
2.26775000000E+05	5.122560E+00	-8.918754E+01
2.28643750000E+05	5.180289E+00	-8.931782E+01
2.30512500000E+05	5.232453E+00	-8.927003E+01
2.32381250000E+05	5.299047E+00	-8.910470E+01
2.34250000000E+05	5.313097E+00	-8.929339E+01
2.36118750000E+05	5.353524E+00	-8.940893E+01
2.37987500000E+05	5.388957E+00	-8.920595E+01
2.39856250000E+05	5.441667E+00	-8.923366E+01
2.41725000000E+05	5.483500E+00	-8.939533E+01
2.43593750000E+05	5.519570E+00	-8.923969E+01
2.45462500000E+05	5.565840E+00	-8.936845E+01
2.47331250000E+05	5.602766E+00	-8.932822E+01
2.49200000000E+05	5.640131E+00	-8.945354E+01
2.51068750000E+05	5.688382E+00	-8.933241E+01
2.52937500000E+05	5.749511E+00	-8.932767E+01
2.54806250000E+05	5.780214E+00	-8.934647E+01
2.56675000000E+05	5.827835E+00	-8.939597E+01
2.58543750000E+05	5.864022E+00	-8.941888E+01
2.60412500000E+05	5.893359E+00	-8.945558E+01
2.62281250000E+05	5.952528E+00	-8.936980E+01
2.64150000000E+05	5.973671E+00	-8.940090E+01
2.66018750000E+05	6.030496E+00	-8.944023E+01
2.67887500000E+05	6.081112E+00	-8.937205E+01
2.69756250000E+05	6.109303E+00	-8.927267E+01
2.71625000000E+05	6.170249E+00	-8.929185E+01
2.73493750000E+05	6.188640E+00	-8.950985E+01
2.75362500000E+05	6.248638E+00	-8.925560E+01
2.77231250000E+05	6.294253E+00	-8.927019E+01
2.79100000000E+05	6.325224E+00	-8.947741E+01
2.80968750000E+05	6.381053E+00	-8.939677E+01
2.82837500000E+05	6.411054E+00	-8.936086E+01
2.84706250000E+05	6.457520E+00	-8.936778E+01
2.86575000000E+05	6.490635E+00	-8.948696E+01
2.88443750000E+05	6.528887E+00	-8.939224E+01
2.90312500000E+05	6.578185E+00	-8.947993E+01
2.92181250000E+05	6.609624E+00	-8.936429E+01
2.94050000000E+05	6.659619E+00	-8.932143E+01
2.95918750000E+05	6.704703E+00	-8.925486E+01
2.97787500000E+05	6.746668E+00	-8.934918E+01
2.99656250000E+05	6.808716E+00	-8.941512E+01
3.01525000000E+05	6.841921E+00	-8.949412E+01
3.03393750000E+05	6.883411E+00	-8.948186E+01
3.05262500000E+05	6.924047E+00	-8.932505E+01
3.07131250000E+05	6.975244E+00	-8.933855E+01
3.09000000000E+05	7.000718E+00	-8.937548E+01
3.10868750000E+05	7.039447E+00	-8.949826E+01
3.12737500000E+05	7.081399E+00	-8.954454E+01
3.14606250000E+05	7.141333E+00	-8.945735E+01
3.16475000000E+05	7.184331E+00	-8.947764E+01
3.18343750000E+05	7.215799E+00	-8.930938E+01
3.20212500000E+05	7.278137E+00	-8.931727E+01
3.22081250000E+05	7.310457E+00	-8.932373E+01
3.23950000000E+05	7.363073E+00	-8.938037E+01
3.25818750000E+05	7.397908E+00	-8.944964E+01
3.27687500000E+05	7.435084E+00	-8.923999E+01
3.29556250000E+05	7.454189E+00	-8.940117E+01
3.31425000000E+05	7.526999E+00	-8.958025E+01
3.33293750000E+05	7.558062E+00	-8.943656E+01
3.35162500000E+05	7.629942E+00	-8.966728E+01
3.37031250000E+05	7.672145E+00	-8.963668E+01
3.38900000000E+05	7.722166E+00	-8.963773E+01
3.40768750000E+05	7.750607E+00	-8.965894E+01
3.42637500000E+05	7.812521E+00	-8.960168E+01
3.44506250000E+05	7.842607E+00	-8.950726E+01
3.46375000000E+05	7.892421E+00	-8.968684E+01
3.48243750000E+05	7.931986E+00	-8.961561E+01
3.50112500000E+05	7.999321E+00	-8.968678E+01
3.51981250000E+05	8.012238E+00	-8.950077E+01
3.53850000000E+05	8.078129E+00	-8.961191E+01
3.55718750000E+05	8.100895E+00	-8.958721E+01
3.57587500000E+05	8.144819E+00	-8.958505E+01
3.59456250000E+05	8.198136E+00	-8.948056E+01
3.61325000000E+05	8.223427E+00	-8.966793E+01
3.63193750000E+05	8.268942E+00	-8.968011E+01
3.65062500000E+05	8.318331E+00	-8.951414E+01
3.66931250000E+05	8.350498E+00	-8.954899E+01
3.68800000000E+05	8.397014E+00	-8.948838E+01
3.70668750000E+05	8.448341E+00	-8.959790E+01
3.72537500000E+05	8.473534E+00	-8.959972E+01
3.74406250000E+05	8.526241E+00	-8.969392E+01
3.76275000000E+05	8.574552E+00	-8.962162E+01
3.78143750000E+05	8.629822E+00	-8.959952E+01
3.80012500000E+05	8.657259E+00	-8.966243E+01
3.81881250000E+05	8.704446E+00	-8.963134E+01
3.83750000000E+05	8.740195E+00	-8.956274E+01
3.85618750000E+05	8.801103E+00	-8.949879E+01
3.87487500000E+05	8.816697E+00	-8.959295E+01
3.89356250000E+05	8.882864E+00	-8.955465E+01
3.91225000000E+05	8.906524E+00	-8.956828E+01
3.93093750000E+05	8.962204E+00	-8.960291E+01
3.94962500000E+05	8.990987E+00	-8.955402E+01
3.96831250000E+05	9.029393E+00	-8.952361E+01
3.98700000000E+05	9.078564E+00	-8.959770E+01
4.00568750000E+05	9.111193E+00	-8.959456E+01
4.02437500000E+05	9.182387E+00	-8.960182E+01
4.04306250000E+05	9.215544E+00	-8.953929E+01
4.06175000000E+05	9.258520E+00	-8.965515E+01
4.08043750000E+05	9.285574E+00	-8.956906E+01
4.09912500000E+05	9.343407E+00	-8.968726E+01
4.11781250000E+05	9.373282E+00	-8.959988E+01
4.13650000000E+05	9.416286E+00	-8.969265E+01
4.15518750000E+05	9.459123E+00	-8.956076E+01
4.17387500000E+05	9.520812E+00	-8.958676E+01
4.19256250000E+05	9.538713E+00	-8.970052E+01
4.21125000000E+05	9.594454E+00	-8.968298E+01
4.22993750000E+05	9.623622E+00	-8.963814E+01
4.24862500000E+05	9.672103E+00	-8.955537E+01
4.26731250000E+05	9.701095E+00	-8.956930E+01
4.28600000000E+05	9.787436E+00	-8.970074E+01
4.30468750000E+05	9.809033E+00	-8.970065E+01
4.32337500000E+05	9.859421E+00	-8.968142E+01
4.34206250000E+05	9.887512E+00	-8.964516E+01
4.36075000000E+05	9.936605E+00	-8.971543E+01
4.37943750000E+05	9.973060E+00	-8.955684E+01
4.39812500000E+05	1.000883E+01	-8.963298E+01
4.41681250000E+05	1.005613E+01	-8.965311E+01
4.43550000000E+05	1.010378E+01	-8.963926E+01
4.45418750000E+05	1.014275E+01	-8.957209E+01
4.47287500000E+05	1.019485E+01	-8.972005E+01
4.49156250000E+05	1.022617E+01	-8.960490E+01
4.51025000000E+05	1.025322E+01	-8.968520E+01
4.52893750000E+05	1.034614E+01	-8.958569E+01
4.54762500000E+05	1.037325E+01	-8.964948E+01
4.56631250000E+05	1.039358E+01	-8.957568E+01
4.58500000000E+05	1.045845E+01	-8.956391E+01
4.60368750000E+05	1.048134E+01	-8.964133E+01
4.62237500000E+05	1.053026E+01	-8.954404E+01
4.64106250000E+05	1.057787E+01	-8.968330E+01
4.65975000000E+05	1.062387E+01	-8.974184E+01
4.67843750000E+05	1.065529E+01	-8.973788E+01
4.69712500000E+05	1.069875E+01	-8.959545E+01
4.71581250000E+05	1.076127E+01	-8.963776E+01
4.73450000000E+05	1.078676E+01	-8.962255E+01
4.75318750000E+05	1.083080E+01	-8.972025E+01
4.77187500000E+05	1.088546E+01	-8.970901E+01
4.79056250000E+05	1.090893E+01	-8.964421E+01
4.80925000000E+05	1.096030E+01	-8.966452E+01
4.82793750000E+05	1.100419E+01	-8.965175E+01
4.84662500000E+05	1.103346E+01	-8.975565E+01
4.86531250000E+05	1.106712E+01	-8.971961E+01
4.88400000000E+05	1.111482E+01	-8.974052E+01
4.90268750000E+05	1.117284E+01	-8.978788E+01
4.92137500000E+05	1.120556E+01	-8.963940E+01
4.94006250000E+05	1.125239E+01	-8.969323E+01
4.95875000000E+05	1.129983E+01	-8.969585E+01
4.97743750000E+05	1.134589E+01	-8.965900E+01
4.99612500000E+05	1.137722E+01	-8.964581E+01
5.01481250000E+05	1.144766E+01	-8.971577E+01
5.03350000000E+05	1.145868E+01	-8.975757E+01
5.05218750000E+05	1.151391E+01	-8.973768E+01
5.07087500000E+05	1.156797E+01	-8.975807E+01
5.08956250000E+05	1.159252E+01	-8.978612E+01
5.10825000000E+05	1.164570E+01	-8.961145E+01
5.12693750000E+05	1.167233E+01	-8.971424E+01
5.14562500000E+05	1.173915E+01	-8.964915E+01
5.16431250000E+05	1.176866E+01	-8.970460E+01
5.18300000000E+05	1.180697E+01	-8.973914E+01
5.20168750000E+05	1.184150E+01	-8.973605E+01
5.22037500000E+05	1.189732E+01	-8.970428E+01
5.23906250000E+05	1.191495E+01	-8.967705E+01
5.25775000000E+05	1.197391E+01	-8.969468E+01
5.27643750000E+05	1.200716E+01	-8.972715E+01
5.29512500000E+05	1.206904E+01	-8.957597E+01
5.31381250000E+05	1.209588E+01	-8.970592E+01
5.33250000000E+05	1.212867E+01	-8.966750E+01
5.35118750000E+05	1.220008E+01	-8.972431E+01
5.36987500000E+05	1.222707E+01	-8.971395E+01
5.38856250000E+05	1.226165E+01	-8.973367E+01
5.40725000000E+05	1.230749E+01	-8.971022E+01
5.42593750000E+05	1.234307E+01	-8.966460E+01
5.44462500000E+05	1.239281E+01	-8.972157E+01
5.46331250000E+05	1.243370E+01	-8.965340E+01
5.48200000000E+05	1.249059E+01	-8.968128E+01
5.50068750000E+05	1.254415E+01	-8.967140E+01
5.51937500000E+05	1.257253E+01	-8.973472E+01
5.53806250000E+05	1.261110E+01	-8.962766E+01
5.55675000000E+05	1.265536E+01	-8.966169E+01
5.57543750000E+05	1.269462E+01	-8.970425E+01
5.59412500000E+05	1.273355E+01	-8.970855E+01
5.61281250000E+05	1.277278E+01	-8.966634E+01
5.63150000000E+05	1.282666E+01	-8.972066E+01
5.65018750000E+05	1.287668E+01	-8.974770E+01
5.66887500000E+05	1.290040E+01	-8.967957E+01
5.68756250000E+05	1.296736E+01	-8.973915E+01
5.70625000000E+05	1.298272E+01	-8.974535E+01
5.72493750000E+05	1.303410E+01	-8.972516E+01
5.74362500000E+05	1.307742E+01	-8.974873E+01
5.76231250000E+05	1.312714E+01	-8.969345E+01
5.78100000000E+05	1.317152E+01	-8.963360E+01
5.79968750000E+05	1.320132E+01	-8.981085E+01
5.81837500000E+05	1.324179E+01	-8.976338E+01
5.83706250000E+05	1.329439E+01	-8.973952E+01
5.85575000000E+05	1.333800E+01	-8.974027E+01
5.87443750000E+05	1.337653E+01	-8.974790E+01
5.89312500000E+05	1.341709E+01	-8.970890E+01
5.91181250000E+05	1.345490E+01	-8.980813E+01
5.93050000000E+05	1.350562E+01	-8.971184E+01
5.94918750000E+05	1.354761E+01	-8.974726E+01
5.96787500000E+05	1.358532E+01	-8.972564E+01
5.98656250000E+05	1.362144E+01	-8.967935E+01
6.00525000000E+05	1.367958E+01	-8.974152E+01
6.02393750000E+05	1.371598E+01	-8.971552E+01
6.04262500000E+05	1.378464E+01	-8.968787E+01
6.06131250000E+05	1.378977E+01	-8.970372E+01
6.08000000000E+05	1.385718E+01	-8.973402E+01
6.09868750000E+05	1.387619E+01	-8.974720E+01
6.11737500000E+05	1.393311E+01	-8.972980E+01
6.13606250000E+05	1.398204E+01	-8.969025E+01
6.15475000000E+05	1.404219E+01	-8.970971E+01
6.17343750000E+05	1.406324E+01	-8.968128E+01
6.19212500000E+05	1.407620E+01	-8.974371E+01
6.21081250000E+05	1.413000E+01	-8.972462E+01
6.22950000000E+05	1.417822E+01	-8.978720E+01
6.24818750000E+05	1.422064E+01	-8.970451E+01
6.26687500000E+05	1.429456E+01	-8.970868E+01
6.28556250000E+05	1.432391E+01	-8.973079E+01
6.30425000000E+05	1.435993E+01	-8.977586E+01
6.32293750000E+05	1.440581E+01	-8.972327E+01
6.34162500000E+05	1.442654E+01	-8.978999E+01
6.36031250000E+05	1.446746E+01	-8.973107E+01
6.37900000000E+05	1.452263E+01	-8.974576E+01
6.39768750000E+05	1.455572E+01	-8.979314E+01
6.41637500000E+05	1.461856E+01	-8.980117E+01
6.43506250000E+05	1.463691E+01	-8.970267E+01
6.45375000000E+05	1.468940E+01	-8.976879E+01
6.47243750000E+05	1.473100E+01	-8.969604E+01
6.49112500000E+05	1.478159E+01	-8.973551E+01
6.50981250000E+05	1.481269E+01	-8.981042E+01
6.52850000000E+05	1.485148E+01	-8.973644E+01
6.54718750000E+05	1.488530E+01	-8.977708E+01
6.56587500000E+05	1.494208E+01	-8.977193E+01
6.58456250000E+05	1.498232E+01	-8.974908E+01
6.60325000000E+05	1.502469E+01	-8.975346E+01
6.62193750000E+05	1.506201E+01	-8.977472E+01
6.64062500000E+05	1.511400E+01	-8.970390E+01
6.65931250000E+05	1.516434E+01	-8.976846E+01
6.67800000000E+05	1.518609E+01	-8.975089E+01
6.69668750000E+05	1.523236E+01	-8.975260E+01
6.71537500000E+05	1.528201E+01	-8.975816E+01
6.73406250000E+05	1.530263E+01	-8.972794E+01
6.75275000000E+05	1.537228E+01	-8.975340E+01
6.77143750000E+05	1.539148E+01	-8.970398E+01
6.79012500000E+05	1.546156E+01	-8.980401E+01
6.80881250000E+05	1.548803E+01	-8.975368E+01
6.82750000000E+05	1.553490E+01	-8.970290E+01
6.84618750000E+05	1.557810E+01	-8.979858E+01
6.86487500000E+05	1.562576E+01	-8.977459E+01
6.88356250000E+05	1.566733E+01	-8.978600E+01
6.90225000000E+05	1.570746E+01	-8.978809E+01
6.92093750000E+05	1.574900E+01	-8.978707E+01
6.93962500000E+05	1.578532E+01	-8.976469E+01
6.95831250000E+05	1.581946E+01	-8.968218E+01
6.97700000000E+05	1.588482E+01	-8.978703E+01
6.99568750000E+05	1.592794E+01	-8.977998E+01
7.01437500000E+05	1.593985E+01	-8.968742E+01
7.03306250000E+05	1.601482E+01	-8.973841E+01
7.05175000000E+05	1.605552E+01	-8.973664E+01
7.07043750000E+05	1.609467E+01	-8.974707E+01
7.08912500000E+05	1.613309E+01	-8.975710E+01
7.10781250000E+05	1.618507E+01	-8.981730E+01
7.12650000000E+05	1.622413E+01	-8.979514E+01
7.14518750000E+05	1.627993E+01	-8.972660E+01
7.16387500000E+05	1.629769E+01	-8.978511E+01
7.18256250000E+05	1.634693E+01	-8.972105E+01
7.20125000000E+05	1.639019E+01	-8.975855E+01
7.21993750000E+05	1.642359E+01	-8.979173E+01
7.23862500000E+05	1.648060E+01	-8.968507E+01
7.25731250000E+05	1.650353E+01	-8.970293E+01
7.27600000000E+05	1.656285E+01	-8.972532E+01
7.29468750000E+05	1.659148E+01	-8.979500E+01
7.31337500000E+05	1.665465E+01	-8.973714E+01
7.33206250000E+05	1.668030E+01	-8.974390E+01
7.35075000000E+05	1.672959E+01	-8.976035E+01
7.36943750000E+05	1.675259E+01	-8.970377E+01
7.38812500000E+05	1.679804E+01	-8.978039E+01
7.40681250000E+05	1.686838E+01	-8.975833E+01
7.42550000000E+05	1.691498E+01	-8.971806E+01
7.44418750000E+05	1.692674E+01	-8.979305E+01
7.46287500000E+05	1.697792E+01	-8.977667E+01
7.48156250000E+05	1.701771E+01	-8.978313E+01
7.50025000000E+05	1.705531E+01	-8.977188E+01
7.51893750000E+05	1.712325E+01	-8.979314E+01
7.53762500000E+05	1.715057E+01	-8.975578E+01
7.55631250000E+05	1.719312E+01	-8.979799E+01
7.57500000000E+05	1.722831E+01	-8.977974E+01
7.59368750000E+05	1.727046E+01	-8.973682E+01
7.61237500000E+05	1.730824E+01	-8.975108E+01
7.63106250000E+05	1.736586E+01	-8.971162E+01
7.64975000000E+05	1.740973E+01	-8.981715E+01
7.66843750000E+05	1.743773E+01	-8.975811E+01
7.68712500000E+05	1.748088E+01	-8.977364E+01
7.70581250000E+05	1.752647E+01	-8.979440E+01
7.72450000000E+05	1.755765E+01	-8.976513E+01
7.74318750000E+05	1.761088E+01	-8.975055E+01
7.76187500000E+05	1.764598E+01	-8.981593E+01
7.78056250000E+05	1.771781E+01	-8.975866E+01
7.79925000000E+05	1.775097E+01	-8.979997E+01
7.81793750000E+05	1.777516E+01	-8.980807E+01
7.83662500000E+05	1.780798E+01	-8.975831E+01
7.85531250000E+05	1.785876E+01	-8.981463E+01
7.87400000000E+05	1.789087E+01	-8.976874E+01
7.89268750000E+05	1.795743E+01	-8.979480E+01
7.91137500000E+05	1.800960E+01	-8.972783E+01
7.93006250000E+05	1.805015E+01	-8.984985E+01
7.94875000000E+05	1.808522E+01	-8.978685E+01
7.96743750000E+05	1.812666E+01	-8.976018E+01
7.98612500000E+05	1.816212E+01	-8.979523E+01
8.00481250000E+05	1.822705E+01	-8.978840E+01
8.02350000000E+05	1.825464E+01	-8.979690E+01
8.04218750000E+05	1.830434E+01	-8.981285E+01
8.06087500000E+05	1.833207E+01	-8.985726E+01
8.07956250000E+05	1.837251E+01	-8.979298E+01
8.09825000000E+05	1.841319E+01	-8.981442E+01
8.11693750000E+05	1.846750E+01	-8.982936E+01
8.13562500000E+05	1.851235E+01	-8.978306E+01
8.15431250000E+05	1.856651E+01	-8.973495E+01
8.17300000000E+05	1.858919E+01	-8.980526E+01
8.19168750000E+05	1.862862E+01	-8.975697E+01
8.21037500000E+05	1.866865E+01	-8.977757E+01
8.22906250000E+05	1.872561E+01	-8.980422E+01
8.24775000000E+05	1.876136E+01	-8.979848E+01
8.26643750000E+05	1.880064E+01	-8.978182E+01
8.28512500000E+05	1.884238E+01	-8.982097E+01
8.30381250000E+05	1.889106E+01	-8.980445E+01
8.32250000000E+05	1.892965E+01	-8.983032E+01
8.34118750000E+05	1.897474E+01	-8.980400E+01
8.35987500000E+05	1.902300E+01	-8.974198E+01
8.37856250000E+05	1.907282E+01	-8.976144E+01
8.39725000000E+05	1.906805E+01	-8.975236E+01
8.41593750000E+05	1.914821E+01	-8.985125E+01
8.43462500000E+05	1.916296E+01	-8.980749E+01
8.45331250000E+05	1.923097E+01	-8.982360E+01
8.47200000000E+05	1.926963E+01	-8.981910E+01
8.49068750000E+05	1.931975E+01	-8.976973E+01
8.50937500000E+05	1.934614E+01	-8.976357E+01
8.52806250000E+05	1.939069E+01	-8.978624E+01
8.54675000000E+05	1.943698E+01	-8.983302E+01
8.56543750000E+05	1.948228E+01	-8.979403E+01
8.58412500000E+05	1.953320E+01	-8.982825E+01
8.60281250000E+05	1.956234E+01	-8.977816E+01
8.62150000000E+05	1.961440E+01	-8.980099E+01
8.64018750000E+05	1.965158E+01	-8.973793E+01
8.65887500000E+05	1.969612E+01	-8.979626E+01
8.67756250000E+05	1.973924E+01	-8.981654E+01
8.69625000000E+05	1.977118E+01	-8.977499E+01
8.71493750000E+05	1.980577E+01	-8.980401E+01
8.73362500000E+05	1.986710E+01	-8.980644E+01
8.75231250000E+05	1.991894E+01	-8.978205E+01
8.77100000000E+05	1.995147E+01	-8.975950E+01
8.78968750000E+05	1.999780E+01	-8.983687E+01
8.80837500000E+05	2.002095E+01	-8.983482E+01
8.82706250000E+05	2.008758E+01	-8.981851E+01
8.84575000000E+05	2.010712E+01	-8.980090E+01
8.86443750000E+05	2.013795E+01	-8.983597E+01
8.88312500000E+05	2.019191E+01	-8.980377E+01
8.90181250000E+05	2.023324E+01	-8.983218E+01
8.92050000000E+05	2.028844E+01	-8.979613E+01
8.93918750000E+05	2.032407E+01	-8.982696E+01
8.95787500000E+05	2.038626E+01	-8.984227E+01
8.97656250000E+05	2.041663E+01	-8.985065E+01
8.99525000000E+05	2.045885E+01	-8.989270E+01
9.01393750000E+05	2.049975E+01	-8.976205E+01
9.03262500000E+05	2.054626E+01	-8.983125E+01
9.05131250000E+05	2.058990E+01	-8.976540E+01
9.07000000000E+05	2.062004E+01	-8.978979E+01
9.08868750000E+05	2.066787E+01	-8.984288E+01
9.10737500000E+05	2.071977E+01	-8.976642E+01
9.12606250000E+05	2.074136E+01	-8.981306E+01
9.14475000000E+05	2.078357E+01	-8.982295E+01
9.16343750000E+05	2.084255E+01	-8.979549E+01
9.18212500000E+05	2.086776E+01	-8.979119E+01
9.20081250000E+05	2.091177E+01	-8.980123E+01
9.21950000000E+05	2.097838E+01	-8.983159E+01
9.23818750000E+05	2.099059E+01	-8.983054E+01
9.25687500000E+05	2.104820E+01	-8.980947E+01
9.27556250000E+05	2.108897E+01	-8.979524E+01
9.29425000000E+05	2.113694E+01	-8.985864E+01
9.31293750000E+05	2.118946E+01	-8.983167E+01
9.33162500000E+05	2.122415E+01	-8.981187E+01
9.35031250000E+05	2.126465E+01	-8.979232E+01
9.36900000000E+05	2.130271E+01	-8.979115E+01
9.38768750000E+05	2.133392E+01	-8.979484E+01
9.40637500000E+05	2.138261E+01	-8.980647E+01
9.42506250000E+05	2.142701E+01	-8.981745E+01
9.44375000000E+05	2.147502E+01	-8.984116E+01
9.46243750000E+05	2.152030E+01	-8.981696E+01
9.48112500000E+05	2.154694E+01	-8.981104E+01
9.49981250000E+05	2.160273E+01	-8.980831E+01
9.51850000000E+05	2.165317E+01	-8.982412E+01
9.53718750000E+05	2.167796E+01	-8.980070E+01
9.55587500000E+05	2.173454E+01	-8.982805E+01
9.57456250000E+05	2.178173E+01	-8.979938E+01
9.59325000000E+05	2.182659E+01	-8.985882E+01
9.61193750000E+05	2.186131E+01	-8.984089E+01
9.63062500000E+05	2.189691E+01	-8.978911E+01
9.64931250000E+05	2.193953E+01	-8.985508E+01
9.66800000000E+05	2.199150E+01	-8.982566E+01
9.68668750000E+05	2.202854E+01	-8.976837E+01
9.70537500000E+05	2.207202E+01	-8.981240E+01
9.72406250000E+05	2.209989E+01	-8.980810E+01
9.74275000000E+05	2.214747E+01	-8.981653E+01
9.76143750000E+05	2.218746E+01	-8.983439E+01
9.78012500000E+05	2.223656E+01	-8.984491E+01
9.79881250000E+05	2.227151E+01	-8.983131E+01
9.81750000000E+05	2.232052E+01	-8.979878E+01
9.83618750000E+05	2.234710E+01	-8.979190E+01
9.85487500000E+05	2.241570E+01	-8.979489E+01
9.87356250000E+05	2.244068E+01	-8.985530E+01
9.89225000000E+05	2.248986E+01	-8.980634E+01
9.91093750000E+05	2.253260E+01	-8.980807E+01
9.92962500000E+05	2.258171E+01	-8.983745E+01
9.94831250000E+05	2.262046E+01	-8.983446E+01
9.96700000000E+05	2.266074E+01	-8.976692E+01
9.98568750000E+05	2.270849E+01	-8.986550E+01
1.00043750000E+06	2.275727E+01	-8.980156E+01
1.00230625000E+06	2.277606E+01	-8.980979E+01
1.00417500000E+06	2.282902E+01	-8.981862E+01
1.00604375000E+06	2.288714E+01	-8.984586E+01
1.00791250000E+06	2.292091E+01	-8.983260E+01
1.00978125000E+06	2.294692E+01	-8.985283E+01
1.01165000000E+06	2.300520E+01	-8.983128E+01
1.01351875000E+06	2.303882E+01	-8.979364E+01
1.01538750000E+06	2.307972E+01	-8.983498E+01
1.01725625000E+06	2.311845E+01	-8.979959E+01
1.01912500000E+06	2.316858E+01	-8.982763E+01
1.02099375000E+06	2.320424E+01	-8.983917E+01
1.02286250000E+06	2.324381E+01	-8.981266E+01
1.02473125000E+06	2.328860E+01	-8.986372E+01
1.02660000000E+06	2.334663E+01	-8.982468E+01
1.02846875000E+06	2.339428E+01	-8.980322E+01
1.03033750000E+06	2.341459E+01	-8.982340E+01
1.03220625000E+06	2.346136E+01	-8.981982E+01
1.03407500000E+06	2.352658E+01	-8.983833E+01
1.03594375000E+06	2.353954E+01	-8.979614E+01
1.03781250000E+06	2.357146E+01	-8.984694E+01
1.03968125000E+06	2.362621E+01	-8.983449E+01
1.04155000000E+06	2.367424E+01	-8.986576E+01
1.04341875000E+06	2.369625E+01	-8.982562E+01
1.04528750000E+06	2.376948E+01	-8.983499E+01
1.04715625000E+06	2.379946E+01	-8.980782E+01
1.04902500000E+06	2.384431E+01	-8.982660E+01
1.05089375000E+06	2.388520E+01	-8.984571E+01
1.05276250000E+06	2.393198E+01	-8.982410E+01
1.05463125000E+06	2.396804E+01	-8.982452E+01
1.05650000000E+06	2.400920E+01	-8.981244E+01
1.05836875000E+06	2.405548E+01	-8.980246E+01
1.06023750000E+06	2.408048E+01	-8.981865E+01
1.06210625000E+06	2.412958E+01	-8.983900E+01
1.06397500000E+06	2.416254E+01	-8.984427E+01
1.06584375000E+06	2.420466E+01	-8.980538E+01
1.06771250000E+06	2.427962E+01	-8.986118E+01
1.06958125000E+06	2.429796E+01	-8.983245E+01
1.07145000000E+06	2.434674E+01	-8.985003E+01
1.07331875000E+06	2.439585E+01	-8.982238E+01
1.07518750000E+06	2.442754E+01	-8.983643E+01
1.07705625000E+06	2.447088E+01	-8.986965E+01
1.07892500000E+06	2.454623E+01	-8.983668E+01
1.08079375000E+06	2.455064E+01	-8.988657E+01
1.08266250000E+06	2.460837E+01	-8.979243E+01
1.08453125000E+06	2.463742E+01	-8.983823E+01
1.08640000000E+06	2.467090E+01	-8.982311E+01
1.08826875000E+06	2.472904E+01	-8.980534E+01
1.09013750000E+06	2.476273E+01	-8.981758E+01
1.09200625000E+06	2.480871E+01	-8.986821E+01
1.09387500000E+06	2.486286E+01	-8.981268E+01
1.09574375000E+06	2.489072E+01	-8.978619E+01
1.09761250000E+06	2.493304E+01	-8.982063E+01
1.09948125000E+06	2.497874E+01	-8.983434E+01
1.10135000000E+06	2.501707E+01	-8.981876E+01
1.10321875000E+06	2.507271E+01	-8.983080E+01
1.10508750000E+06	2.511951E+01	-8.981982E+01
1.10695625000E+06	2.515031E+01	-8.978216E+01
1.10882500000E+06	2.518247E+01	-8.983478E+01
1.11069375000E+06	2.523912E+01	-8.982437E+01
1.11256250000E+06	2.526257E+01	-8.984041E+01
1.11443125000E+06	2.532315E+01	-8.982436E+01
1.11630000000E+06	2.537049E+01	-8.983560E+01
1.11816875000E+06	2.539890E+01	-8.982631E+01
1.12003750000E+06	2.543525E+01	-8.980291E+01
1.12190625000E+06	2.547919E+01	-8.983218E+01
1.12377500000E+06	2.551896E+01	-8.982016E+01
1.12564375000E+06	2.558791E+01	-8.983279E+01
1.12751250000E+06	2.563017E+01	-8.983299E+01
1.12938125000E+06	2.565916E+01	-8.983516E+01
1.13125000000E+06	2.570246E+01	-8.982448E+01
1.13311875000E+06	2.574383E+01	-8.982977E+01
1.13498750000E+06	2.577634E+01	-8.981516E+01
1.13685625000E+06	2.584828E+01	-8.982760E+01
1.13872500000E+06	2.587460E+01	-8.978391E+01
1.14059375000E+06	2.591879E+01	-8.984702E+01
1.14246250000E+06	2.594912E+01	-8.984931E+01
1.14433125000E+06	2.599116E+01	-8.981575E+01
1.14620000000E+06	2.604259E+01	-8.985833E+01
1.14806875000E+06	2.607281E+01	-8.984127E+01
1.14993750000E+06	2.611967E+01	-8.981480E+01
1.15180625000E+06	2.617234E+01	-8.981773E+01
1.15367500000E+06	2.619801E+01	-8.985320E+01
1.15554375000E+06	2.622957E+01	-8.981888E+01
1.15741250000E+06	2.628439E+01	-8.986000E+01
1.15928125000E+06	2.633791E+01	-8.983215E+01
1.16115000000E+06	2.637840E+01	-8.979031E+01
1.16301875000E+06	2.641146E+01	-8.985875E+01
1.16488750000E+06	2.647871E+01	-8.984116E+01
1.16675625000E+06	2.648687E+01	-8.982061E+01
1.16862500000E+06	2.654379E+01	-8.979422E+01
1.17049375000E+06	2.658718E+01	-8.982838E+01
1.17236250000E+06	2.663702E+01	-8.982890E+01
1.17423125000E+06	2.667602E+01	-8.976019E+01
1.17610000000E+06	2.673727E+01	-8.981956E+01
1.17796875000E+06	2.674591E+01	-8.979636E+01
1.17983750000E+06	2.679982E+01	-8.984721E+01
1.18170625000E+06	2.683616E+01	-8.983562E+01
1.18357500000E+06	2.689143E+01	-8.981290E+01
1.18544375000E+06	2.693858E+01	-8.984096E+01
1.18731250000E+06	2.696406E+01	-8.983753E+01
1.18918125000E+06	2.701089E+01	-8.982626E+01
1.19105000000E+06	2.706803E+01	-8.986686E+01
1.19291875000E+06	2.708999E+01	-8.981923E+01
1.19478750000E+06	2.713882E+01	-8.982528E+01
1.19665625000E+06	2.717717E+01	-8.983413E+01
1.19852500000E+06	2.722306E+01	-8.982648E+01
1.20039375000E+06	2.727334E+01	-8.986482E+01
1.20226250000E+06	2.732418E+01	-8.981001E+01
1.20413125000E+06	2.734927E+01	-8.987873E+01
1.20600000000E+06	2.740270E+01	-8.981042E+01
1.20786875000E+06	2.742915E+01	-8.984090E+01
1.20973750000E+06	2.748395E+01	-8.982121E+01
1.21160625000E+06	2.752466E+01	-8.982457E+01
1.21347500000E+06	2.754631E+01	-8.982510E+01
1.21534375000E+06	2.757977E+01	-8.985192E+01
1.21721250000E+06	2.763865E+01	-8.985390E+01
1.21908125000E+06	2.769005E+01	-8.982623E+01
1.22095000000E+06	2.771943E+01	-8.984909E+01
1.22281875000E+06	2.777525E+01	-8.982963E+01
1.22468750000E+06	2.781121E+01	-8.982541E+01
1.22655625000E+06	2.785693E+01	-8.979417E+01
1.22842500000E+06	2.790751E+01	-8.984212E+01
1.23029375000E+06	2.794460E+01	-8.980212E+01
1.23216250000E+06	2.799347E+01	-8.980725E+01
1.23403125000E+06	2.804642E+01	-8.981986E+01
1.23590000000E+06	2.807361E+01	-8.980543E+01
1.23776875000E+06	2.810964E+01	-8.981507E+01
1.23963750000E+06	2.815444E+01	-8.983678E+01
1.24150625000E+06	2.820034E+01	-8.983434E+01
1.24337500000E+06	2.823569E+01	-8.982640E+01
1.24524375000E+06	2.826752E+01	-8.981660E+01
1.24711250000E+06	2.832339E+01	-8.986697E+01
1.24898125000E+06	2.839465E+01	-8.979356E+01
1.25085000000E+06	2.839371E+01	-8.985047E+01
1.25271875000E+06	2.845696E+01	-8.982114E+01
1.25458750000E+06	2.851335E+01	-8.982141E+01
1.25645625000E+06	2.855383E+01	-8.984838E+01
1.25832500000E+06	2.859319E+01	-8.981564E+01
1.26019375000E+06	2.862273E+01	-8.982958E+01
1.26206250000E+06	2.868215E+01	-8.983350E+01
1.26393125000E+06	2.870141E+01	-8.980405E+01
1.26580000000E+06	2.873916E+01	-8.978123E+01
1.26766875000E+06	2.878028E+01	-8.982029E+01
1.26953750000E+06	2.883351E+01	-8.980944E+01
1.27140625000E+06	2.885750E+01	-8.984393E+01
1.27327500000E+06	2.894014E+01	-8.984106E+01
1.27514375000E+06	2.895823E+01	-8.981571E+01
1.27701250000E+06	2.899649E+01	-8.982249E+01
1.27888125000E+06	2.903630E+01	-8.979878E+01
1.28075000000E+06	2.907434E+01	-8.980101E+01
1.28261875000E+06	2.912197E+01	-8.981149E+01
1.28448750000E+06	2.917398E+01	-8.981915E+01
1.28635625000E+06	2.921544E+01	-8.981912E+01
1.28822500000E+06	2.926442E+01	-8.981917E+01
1.29009375000E+06	2.929402E+01	-8.983436E+01
1.29196250000E+06	2.934714E+01	-8.982198E+01
1.29383125000E+06	2.938328E+01	-8.980882E+01
1.29570000000E+06	2.943853E+01	-8.983920E+01
1.29756875000E+06	2.946736E+01	-8.984468E+01
1.29943750000E+06	2.951093E+01	-8.982598E+01
1.30130625000E+06	2.954633E+01	-8.982221E+01
1.30317500000E+06	2.958289E+01	-8.983403E+01
1.30504375000E+06	2.964406E+01	-8.982744E+01
1.30691250000E+06	2.968198E+01	-8.978432E+01
1.30878125000E+06	2.971213E+01	-8.981587E+01
1.31065000000E+06	2.976304E+01	-8.981882E+01
1.31251875000E+06	2.980559E+01	-8.982608E+01
1.31438750000E+06	2.984583E+01	-8.984885E+01
1.31625625000E+06	2.987849E+01	-8.979108E+01
1.31812500000E+06	2.994987E+01	-8.983633E+01
1.31999375000E+06	2.995748E+01	-8.983630E+01
1.32186250000E+06	3.001759E+01	-8.985754E+01
1.32373125000E+06	3.005165E+01	-8.981308E+01
1.32560000000E+06	3.009432E+01	-8.980955E+01
1.32746875000E+06	3.014178E+01	-8.985912E+01
1.32933750000E+06	3.019053E+01	-8.983427E+01
1.33120625000E+06	3.023210E+01	-8.978011E+01
1.33307500000E+06	3.027148E+01	-8.980864E+01
1.33494375000E+06	3.032716E+01	-8.981139E+01
1.33681250000E+06	3.032846E+01	-8.980993E+01
1.33868125000E+06	3.040056E+01	-8.982734E+01
1.34055000000E+06	3.042136E+01	-8.981839E+01
1.34241875000E+06	3.047935E+01	-8.985500E+01
1.34428750000E+06	3.053182E+01	-8.981218E+01
1.34615625000E+06	3.058526E+01	-8.979805E+01
1.34802500000E+06	3.060558E+01	-8.981165E+01
1.34989375000E+06	3.064280E+01	-8.981590E+01
1.35176250000E+06	3.067680E+01	-8.983921E+01
1.35363125000E+06	3.072784E+01	-8.977135E+01
1.35550000000E+06	3.075371E+01	-8.983530E+01
1.35736875000E+06	3.080694E+01	-8.977859E+01
1.35923750000E+06	3.086482E+01	-8.982646E+01
1.36110625000E+06	3.089829E+01	-8.982302E+01
1.36297500000E+06	3.093341E+01	-8.977998E+01
1.36484375000E+06	3.098480E+01	-8.980941E+01
1.36671250000E+06	3.102503E+01	-8.983118E+01
1.36858125000E+06	3.107708E+01	-8.980660E+01
1.37045000000E+06	3.111366E+01	-8.980557E+01
1.37231875000E+06	3.116059E+01	-8.981051E+01
1.37418750000E+06	3.119954E+01	-8.984083E+01
1.37605625000E+06	3.125453E+01	-8.981573E+01
1.37792500000E+06	3.128878E+01	-8.980136E+01
1.37979375000E+06	3.133128E+01	-8.980087E+01
1.38166250000E+06	3.135284E+01	-8.980312E+01
1.38353125000E+06	3.138264E+01	-8.979958E+01
1.38540000000E+06	3.146498E+01	-8.982043E+01
1.38726875000E+06	3.150883E+01	-8.981461E+01
1.38913750000E+06	3.153423E+01	-8.983752E+01
1.39100625000E+06	3.156914E+01	-8.983836E+01
1.39287500000E+06	3.161031E+01	-8.982979E+01
1.39474375000E+06	3.166138E+01	-8.980428E+01
1.39661250000E+06	3.173361E+01	-8.979243E+01
1.39848125000E+06	3.173313E+01	-8.980227E+01
1.40035000000E+06	3.180567E+01	-8.982060E+01
1.40221875000E+06	3.182035E+01	-8.981333E+01
1.40408750000E+06	3.187265E+01	-8.983485E+01
1.40595625000E+06	3.191233E+01	-8.981820E+01
1.40782500000E+06	3.194813E+01	-8.980559E+01
1.40969375000E+06	3.199168E+01	-8.982322E+01
1.41156250000E+06	3.203481E+01	-8.978042E+01
1.41343125000E+06	3.206093E+01	-8.978049E+01
1.41530000000E+06	3.213287E+01	-8.978991E+01
1.41716875000E+06	3.217607E+01	-8.978703E+01
1.41903750000E+06	3.221890E+01	-8.983496E+01
1.42090625000E+06	3.225261E+01	-8.981573E+01
1.42277500000E+06	3.229966E+01	-8.981311E+01
1.42464375000E+06	3.233072E+01	-8.980854E+01
1.42651250000E+06	3.239182E+01	-8.981782E+01
1.42838125000E+06	3.241803E+01	-8.980526E+01
1.43025000000E+06	3.246336E+01	-8.980536E+01
1.43211875000E+06	3.250340E+01	-8.979916E+01
1.43398750000E+06	3.255799E+01	-8.979992E+01
1.43585625000E+06	3.258519E+01	-8.981612E+01
1.43772500000E+06	3.262867E+01	-8.978998E+01
1.43959375000E+06	3.268114E+01	-8.982036E+01
1.44146250000E+06	3.271231E+01	-8.983464E+01
1.44333125000E+06	3.275710E+01	-8.983365E+01
1.44520000000E+06	3.279454E+01	-8.980651E+01
1.44706875000E+06	3.283936E+01	-8.978113E+01
1.44893750000E+06	3.288122E+01	-8.981133E+01
1.45080625000E+06	3.292857E+01	-8.977644E+01
1.45267500000E+06	3.296735E+01	-8.979618E+01
1.45454375000E+06	3.298745E+01	-8.979868E+01
1.45641250000E+06	3.306252E+01	-8.980391E+01
1.45828125000E+06	3.309241E+01	-8.978464E+01
1.46015000000E+06	3.313776E+01	-8.980776E+01
1.46201875000E+06	3.318934E+01	-8.976015E+01
1.46388750000E+06	3.321740E+01	-8.979497E+01
1.46575625000E+06	3.327085E+01	-8.980431E+01
1.46762500000E+06	3.331199E+01	-8.978698E+01
1.46949375000E+06	3.335337E+01	-8.980653E+01
1.47136250000E+06	3.338282E+01	-8.979163E+01
1.47323125000E+06	3.344258E+01	-8.978990E+01
1.47510000000E+06	3.347265E+01	-8.980503E+01
1.47696875000E+06	3.352545E+01	-8.982475E+01
1.47883750000E+06	3.358546E+01	-8.979481E+01
1.48070625000E+06	3.361357E+01	-8.981173E+01
1.48257500000E+06	3.367160E+01	-8.980771E+01
1.48444375000E+06	3.369352E+01	-8.978254E+01
1.48631250000E+06	3.374041E+01	-8.977367E+01
1.48818125000E+06	3.377763E+01	-8.980623E+01
1.49005000000E+06	3.381878E+01	-8.976759E+01
1.49191875000E+06	3.385745E+01	-8.977182E+01
1.49378750000E+06	3.388674E+01	-8.978938E+01
1.49565625000E+06	3.394998E+01	-8.981232E+01
1.49752500000E+06	3.398580E+01	-8.977853E+01
1.49939375000E+06	3.402999E+01	-8.978025E+01
1.50126250000E+06	3.409102E+01	-8.979232E+01
1.50313125000E+06	3.410762E+01	-8.981510E+01
1.50500000000E+06	3.414769E+01	-8.980534E+01
1.50686875000E+06	3.420367E+01	-8.975347E+01
1.50873750000E+06	3.423887E+01	-8.978303E+01
1.51060625000E+06	3.428601E+01	-8.978890E+01
1.51247500000E+06	3.431296E+01	-8.978501E+01
1.51434375000E+06	3.436568E+01	-8.979053E+01
1.51621250000E+06	3.439823E+01	-8.979408E+01
1.51808125000E+06	3.447380E+01	-8.978304E+01
1.51995000000E+06	3.450520E+01	-8.975978E+01
1.52181875000E+06	3.453203E+01	-8.977337E+01
1.52368750000E+06	3.458428E+01	-8.979171E+01
1.52555625000E+06	3.462713E+01	-8.978244E+01
1.52742500000E+06	3.465929E+01	-8.980204E+01
1.52929375000E+06	3.470933E+01	-8.978643E+01
1.53116250000E+06	3.476659E+01	-8.976189E+01
1.53303125000E+06	3.478735E+01	-8.977435E+01
1.53490000000E+06	3.484571E+01	-8.977634E+01
1.53676875000E+06	3.486942E+01	-8.975349E+01
1.53863750000E+06	3.491055E+01	-8.977364E+01
1.54050625000E+06	3.495881E+01	-8.979601E+01
1.54237500000E+06	3.499937E+01	-8.979230E+01
1.54424375000E+06	3.503476E+01	-8.980322E+01
1.54611250000E+06	3.510041E+01	-8.977409E+01
1.54798125000E+06	3.512980E+01	-8.975932E+01
1.54985000000E+06	3.517878E+01	-8.975536E+01
1.55171875000E+06	3.522130E+01	-8.977668E+01
1.55358750000E+06	3.525948E+01	-8.976328E+01
1.55545625000E+06	3.530158E+01	-8.980322E+01
1.55732500000E+06	3.533805E+01	-8.980064E+01
1.55919375000E+06	3.537874E+01	-8.976975E+01
1.56106250000E+06	3.541803E+01	-8.974666E+01
1.56293125000E+06	3.547400E+01	-8.976138E+01
1.56480000000E+06	3.550830E+01	-8.976477E+01
1.56666875000E+06	3.554852E+01	-8.976392E+01
1.56853750000E+06	3.560246E+01	-8.977761E+01
1.57040625000E+06	3.564815E+01	-8.975222E+01
1.57227500000E+06	3.568645E+01	-8.976250E+01
1.57414375000E+06	3.573197E+01	-8.979816E+01
1.57601250000E+06	3.578074E+01	-8.979108E+01
1.57788125000E+06	3.581128E+01	-8.974737E+01
1.57975000000E+06	3.586512E+01	-8.975586E+01
1.58161875000E+06	3.589433E+01	-8.974902E+01
1.58348750000E+06	3.593250E+01	-8.975349E+01
1.58535625000E+06	3.597904E+01	-8.973610E+01
1.58722500000E+06	3.601547E+01	-8.975849E+01
1.58909375000E+06	3.605437E+01	-8.977113E+01
1.59096250000E+06	3.609757E+01	-8.977341E+01
1.59283125000E+06	3.613523E+01	-8.974142E+01
1.59470000000E+06	3.619556E+01	-8.976024E+01
1.59656875000E+06	3.621099E+01	-8.977628E+01
1.59843750000E+06	3.630224E+01	-8.977644E+01
1.60030625000E+06	3.631171E+01	-8.976173E+01
1.60217500000E+06	3.636422E+01	-8.976911E+01
1.60404375000E+06	3.640122E+01	-8.974131E+01
1.60591250000E+06	3.642929E+01	-8.977190E+01
1.60778125000E+06	3.649756E+01	-8.976353E+01
1.60965000000E+06	3.652830E+01	-8.975932E+01
1.61151875000E+06	3.656522E+01	-8.973914E+01
1.61338750000E+06	3.661450E+01	-8.977845E+01
1.61525625000E+06	3.666516E+01	-8.974761E+01
1.61712500000E+06	3.667804E+01	-8.972746E+01
1.61899375000E+06	3.675489E+01	-8.975156E+01
1.62086250000E+06	3.678913E+01	-8.975331E+01
1.62273125000E+06	3.683577E+01	-8.974068E+01
1.62460000000E+06	3.684552E+01	-8.977283E+01
1.62646875000E+06	3.689996E+01	-8.974354E+01
1.62833750000E+06	3.695234E+01	-8.978139E+01
1.63020625000E+06	3.698956E+01	-8.973282E+01
1.63207500000E+06	3.703130E+01	-8.975838E+01
1.63394375000E+06	3.707974E+01	-8.976891E+01
1.63581250000E+06	3.711626E+01	-8.974342E+01
1.63768125000E+06	3.717223E+01	-8.974875E+01
1.63955000000E+06	3.720247E+01	-8.974853E+01
1.64141875000E+06	3.724380E+01	-8.976800E+01
1.64328750000E+06	3.729305E+01	-8.976794E+01
1.64515625000E+06	3.734697E+01	-8.973512E+01
1.64702500000E+06	3.736634E+01	-8.973180E+01
1.64889375000E+06	3.740093E+01	-8.975233E+01
1.65076250000E+06	3.747072E+01	-8.976184E+01
1.65263125000E+06	3.751385E+01	-8.974149E+01
1.65450000000E+06	3.755586E+01	-8.974379E+01
1.65636875000E+06	3.758062E+01	-8.974394E+01
1.65823750000E+06	3.763595E+01	-8.974989E+01
1.66010625000E+06	3.765953E+01	-8.973698E+01
1.66197500000E+06	3.772307E+01	-8.974162E+01
1.66384375000E+06	3.776569E+01	-8.971724E+01
1.66571250000E+06	3.777748E+01	-8.974929E+01
1.66758125000E+06	3.782998E+01	-8.972964E+01
1.66945000000E+06	3.787991E+01	-8.973251E+01
1.67131875000E+06	3.790976E+01	-8.975120E+01
1.67318750000E+06	3.796789E+01	-8.972569E+01
1.67505625000E+06	3.799708E+01	-8.974165E+01
1.67692500000E+06	3.804888E+01	-8.974030E+01
1.67879375000E+06	3.808570E+01	-8.973951E+01
1.68066250000E+06	3.813425E+01	-8.977033E+01
1.68253125000E+06	3.816224E+01	-8.975060E+01
1.68440000000E+06	3.823589E+01	-8.975418E+01
1.68626875000E+06	3.825132E+01	-8.974323E+01
1.68813750000E+06	3.831269E+01	-8.973585E+01
1.69000625000E+06	3.835267E+01	-8.973272E+01
1.69187500000E+06	3.838713E+01	-8.974180E+01
1.69374375000E+06	3.842741E+01	-8.973175E+01
1.69561250000E+06	3.846170E+01	-8.970116E+01
1.69748125000E+06	3.850594E+01	-8.974077E+01
1.69935000000E+06	3.856157E+01	-8.974737E+01
1.70121875000E+06	3.859980E+01	-8.972632E+01
1.70308750000E+06	3.864192E+01	-8.974786E+01
1.70495625000E+06	3.868446E+01	-8.971677E+01
1.70682500000E+06	3.872788E+01	-8.973422E+01
1.70869375000E+06	3.876714E+01	-8.974422E+01
1.71056250000E+06	3.879812E+01	-8.972079E+01
1.71243125000E+06	3.884732E+01	-8.974555E+01
1.71430000000E+06	3.898762E+01	-8.977725E+01
1.71616875000E+06	3.903452E+01	-8.977641E+01
1.71803750000E+06	3.906762E+01	-8.977890E+01
1.71990625000E+06	3.911167E+01	-8.977187E+01
1.72177500000E+06	3.914631E+01	-8.978188E+01
1.72364375000E+06	3.917751E+01	-8.977148E+01
1.72551250000E+06	3.924126E+01	-8.975171E+01
1.72738125000E+06	3.927055E+01	-8.977790E+01
1.72925000000E+06	3.931488E+01	-8.979499E+01
1.73111875000E+06	3.936320E+01	-8.977600E+01
1.73298750000E+06	3.939672E+01	-8.974612E+01
1.73485625000E+06	3.945485E+01	-8.978502E+01
1.73672500000E+06	3.949851E+01	-8.978271E+01
1.73859375000E+06	3.953746E+01	-8.975753E+01
1.74046250000E+06	3.956908E+01	-8.979421E+01
1.74233125000E+06	3.960001E+01	-8.977966E+01
1.74420000000E+06	3.966977E+01	-8.978528E+01
1.74606875000E+06	3.970824E+01	-8.977460E+01
1.74793750000E+06	3.971666E+01	-8.976411E+01
1.74980625000E+06	3.979498E+01	-8.979340E+01
1.75167500000E+06	3.981318E+01	-8.978432E+01
1.75354375000E+06	3.987853E+01	-8.980615E+01
1.75541250000E+06	3.991319E+01	-8.979295E+01
1.75728125000E+06	3.994806E+01	-8.974756E+01
1.75915000000E+06	3.999064E+01	-8.978482E+01
1.76101875000E+06	4.002949E+01	-8.974499E+01
1.76288750000E+06	4.007956E+01	-8.976968E+01
1.76475625000E+06	4.013435E+01	-8.976633E+01
1.76662500000E+06	4.016606E+01	-8.976522E+01
1.76849375000E+06	4.023059E+01	-8.977288E+01
1.77036250000E+06	4.026253E+01	-8.978672E+01
1.77223125000E+06	4.030495E+01	-8.974447E+01
1.77410000000E+06	4.034608E+01	-8.974134E+01
1.77596875000E+06	4.037813E+01	-8.975575E+01
1.77783750000E+06	4.041991E+01	-8.978424E+01
1.77970625000E+06	4.046453E+01	-8.975426E+01
1.78157500000E+06	4.050558E+01	-8.976218E+01
1.78344375000E+06	4.054037E+01	-8.975294E+01
1.78531250000E+06	4.060252E+01	-8.976431E+01
1.78718125000E+06	4.063738E+01	-8.980186E+01
1.78905000000E+06	4.068634E+01	-8.977504E+01
1.79091875000E+06	4.071612E+01	-8.979626E+01
1.79278750000E+06	4.076440E+01	-8.979499E+01
1.79465625000E+06	4.081175E+01	-8.976262E+01
1.79652500000E+06	4.084873E+01	-8.980727E+01
1.79839375000E+06	4.088688E+01	-8.977118E+01
1.80026250000E+06	4.091412E+01	-8.976064E+01
1.80213125000E+06	4.097618E+01	-8.977811E+01
1.80400000000E+06	4.102045E+01	-8.975770E+01
1.80586875000E+06	4.106082E+01	-8.978011E+01
1.80773750000E+06	4.109216E+01	-8.978907E+01
1.80960625000E+06	4.114315E+01	-8.976535E+01
1.81147500000E+06	4.118599E+01	-8.978941E+01
1.81334375000E+06	4.122818E+01	-8.976598E+01
1.81521250000E+06	4.126994E+01	-8.975629E+01
1.81708125000E+06	4.130188E+01	-8.977927E+01
1.81895000000E+06	4.135508E+01	-8.976429E+01
1.82081875000E+06	4.140409E+01	-8.978640E+01
1.82268750000E+06	4.143692E+01	-8.976834E+01
1.82455625000E+06	4.149016E+01	-8.977612E+01
1.82642500000E+06	4.154275E+01	-8.977102E+01
1.82829375000E+06	4.156432E+01	-8.977343E+01
1.83016250000E+06	4.162095E+01	-8.975697E+01
1.83203125000E+06	4.165572E+01	-8.977715E+01
1.83390000000E+06	4.171547E+01	-8.975750E+01
1.83576875000E+06	4.172763E+01	-8.976870E+01
1.83763750000E+06	4.177567E+01	-8.977455E+01
1.83950625000E+06	4.184098E+01	-8.974730E+01
1.84137500000E+06	4.187437E+01	-8.976065E+01
1.84324375000E+06	4.190023E+01	-8.975356E+01
1.84511250000E+06	4.193313E+01	-8.977128E+01
1.84698125000E+06	4.197635E+01	-8.975834E+01
1.84885000000E+06	4.201582E+01	-8.975901E+01
1.85071875000E+06	4.207612E+01	-8.977511E+01
1.85258750000E+06	4.210365E+01	-8.975383E+01
1.85445625000E+06	4.215173E+01	-8.977040E+01
1.85632500000E+06	4.219352E+01	-8.976588E+01
1.85819375000E+06	4.224078E+01	-8.974245E+01
1.86006250000E+06	4.227372E+01	-8.975043E+01
1.86193125000E+06	4.232848E+01	-8.975531E+01
1.86380000000E+06	4.235123E+01	-8.976007E+01
1.86566875000E+06	4.241258E+01	-8.975359E+01
1.86753750000E+06	4.247083E+01	-8.975979E+01
1.86940625000E+06	4.248339E+01	-8.975437E+01
1.87127500000E+06	4.253705E+01	-8.975965E+01
1.87314375000E+06	4.257545E+01	-8.975787E+01
1.87501250000E+06	4.262136E+01	-8.973672E+01
1.87688125000E+06	4.265689E+01	-8.977282E+01
1.87875000000E+06	4.270470E+01	-8.973965E+01
1.88061875000E+06	4.276418E+01	-8.976077E+01
1.88248750000E+06	4.279840E+01	-8.974908E+01
1.88435625000E+06	4.283881E+01	-8.978363E+01
1.88622500000E+06	4.289097E+01	-8.974817E+01
1.88809375000E+06	4.292899E+01	-8.974126E+01
1.88996250000E+06	4.297875E+01	-8.974699E+01
1.89183125000E+06	4.301402E+01	-8.976018E+01
1.89370000000E+06	4.307303E+01	-8.973851E+01
1.89556875000E+06	4.310753E+01	-8.975101E+01
1.89743750000E+06	4.312712E+01	-8.978221E+01
1.89930625000E+06	4.317073E+01	-8.976585E+01
1.90117500000E+06	4.321746E+01	-8.974690E+01
1.90304375000E+06	4.325882E+01	-8.976399E+01
1.90491250000E+06	4.332285E+01	-8.974551E+01
1.90678125000E+06	4.334722E+01	-8.975613E+01
1.90865000000E+06	4.338640E+01	-8.974086E+01
1.91051875000E+06	4.343168E+01	-8.977246E+01
1.91238750000E+06	4.349213E+01	-8.977350E+01
1.91425625000E+06	4.354422E+01	-8.974877E+01
1.91612500000E+06	4.358509E+01	-8.974467E+01
1.91799375000E+06	4.361561E+01	-8.974081E+01
1.91986250000E+06	4.362384E+01	-8.975826E+01
1.92173125000E+06	4.370098E+01	-8.973358E+01
1.92360000000E+06	4.371569E+01	-8.976989E+01
1.92546875000E+06	4.376623E+01	-8.977424E+01
1.92733750000E+06	4.380941E+01	-8.973749E+01
1.92920625000E+06	4.386059E+01	-8.975138E+01
1.93107500000E+06	4.390583E+01	-8.976768E+01
1.93294375000E+06	4.393036E+01	-8.973911E+01
1.93481250000E+06	4.397407E+01	-8.973537E+01
1.93668125000E+06	4.402650E+01	-8.973318E+01
1.93855000000E+06	4.406498E+01	-8.974866E+01
1.94041875000E+06	4.411695E+01	-8.973548E+01
1.94228750000E+06	4.415511E+01	-8.972147E+01
1.94415625000E+06	4.418494E+01	-8.975874E+01
1.94602500000E+06	4.423341E+01	-8.973610E+01
1.94789375000E+06	4.428009E+01	-8.974924E+01
1.94976250000E+06	4.431295E+01	-8.975473E+01
1.95163125000E+06	4.437419E+01	-8.975216E+01
1.95350000000E+06	4.440448E+01	-8.973866E+01
1.95536875000E+06	4.444246E+01	-8.977807E+01
1.95723750000E+06	4.449851E+01	-8.976075E+01
1.95910625000E+06	4.452092E+01	-8.975711E+01
1.96097500000E+06	4.457650E+01	-8.972520E+01
1.96284375000E+06	4.462283E+01	-8.975072E+01
1.96471250000E+06	4.468200E+01	-8.974397E+01
1.96658125000E+06	4.471206E+01	-8.974512E+01
1.96845000000E+06	4.476041E+01	-8.974374E+01
1.97031875000E+06	4.479073E+01	-8.973158E+01
1.97218750000E+06	4.482943E+01	-8.971349E+01
1.97405625000E+06	4.488598E+01	-8.973645E+01
1.97592500000E+06	4.492995E+01	-8.973331E+01
1.97779375000E+06	4.498519E+01	-8.974862E+01
1.97966250000E+06	4.499952E+01	-8.974393E+01
1.98153125000E+06	4.504707E+01	-8.972699E+01
1.98340000000E+06	4.507925E+01	-8.976011E+01
1.98526875000E+06	4.515620E+01	-8.974622E+01
1.98713750000E+06	4.517952E+01	-8.974351E+01
1.98900625000E+06	4.523089E+01	-8.973896E+01
1.99087500000E+06	4.526214E+01	-8.976109E+01
1.99274375000E+06	4.528736E+01	-8.972192E+01
1.99461250000E+06	4.534752E+01	-8.971590E+01
1.99648125000E+06	4.537793E+01	-8.972776E+01
1.99835000000E+06	4.542584E+01	-8.975397E+01
2.00021875000E+06	4.546275E+01	-8.974052E+01
2.00208750000E+06	4.551392E+01	-8.973624E+01
2.00395625000E+06	4.555451E+01	-8.976517E+01
2.00582500000E+06	4.557623E+01	-8.974440E+01
2.00769375000E+06	4.564589E+01	-8.972635E+01
2.00956250000E+06	4.568885E+01	-8.972291E+01
2.01143125000E+06	4.571481E+01	-8.975671E+01
2.01330000000E+06	4.578262E+01	-8.975027E+01
2.01516875000E+06	4.581294E+01	-8.974818E+01
2.01703750000E+06	4.584793E+01	-8.974190E+01
2.01890625000E+06	4.589228E+01	-8.974556E+01
2.02077500000E+06	4.593031E+01	-8.972386E+01
2.02264375000E+06	4.599680E+01	-8.973083E+01
2.02451250000E+06	4.605600E+01	-8.972288E+01
2.02638125000E+06	4.607755E+01	-8.975368E+01
2.02825000000E+06	4.611707E+01	-8.974890E+01
2.03011875000E+06	4.618152E+01	-8.972565E+01
2.03198750000E+06	4.619149E+01	-8.976559E+01
2.03385625000E+06	4.625592E+01	-8.972589E+01
2.03572500000E+06	4.626539E+01	-8.975608E+01
2.03759375000E+06	4.634704E+01	-8.972729E+01
2.03946250000E+06	4.637062E+01	-8.974606E+01
2.04133125000E+06	4.641300E+01	-8.975128E+01
2.04320000000E+06	4.644109E+01	-8.975213E+01
2.04506875000E+06	4.650810E+01	-8.973041E+01
2.04693750000E+06	4.652892E+01	-8.974113E+01
2.04880625000E+06	4.656374E+01	-8.974405E+01
2.05067500000E+06	4.662697E+01	-8.973027E+01
2.05254375000E+06	4.669676E+01	-8.971798E+01
2.05441250000E+06	4.671051E+01	-8.974763E+01
2.05628125000E+06	4.676145E+01	-8.973445E+01
2.05815000000E+06	4.680265E+01	-8.975628E+01
2.06001875000E+06	4.685788E+01	-8.972651E+01
2.06188750000E+06	4.686647E+01	-8.971407E+01
2.06375625000E+06	4.693003E+01	-8.974747E+01
2.06562500000E+06	4.696704E+01	-8.973380E+01
2.06749375000E+06	4.702226E+01	-8.972324E+01
2.06936250000E+06	4.705368E+01	-8.973082E+01
2.07123125000E+06	4.709367E+01	-8.975005E+01
2.07310000000E+06	4.712596E+01	-8.970682E+01
2.07496875000E+06	4.716244E+01	-8.972546E+01
2.07683750000E+06	4.723078E+01	-8.972875E+01
2.07870625000E+06	4.726110E+01	-8.972540E+01
2.08057500000E+06	4.731313E+01	-8.973299E+01
2.08244375000E+06	4.734498E+01	-8.973302E+01
2.08431250000E+06	4.740757E+01	-8.975448E+01
2.08618125000E+06	4.743011E+01	-8.975004E+01
2.08805000000E+06	4.748975E+01	-8.974509E+01
2.08991875000E+06	4.752356E+01	-8.972411E+01
2.09178750000E+06	4.757122E+01	-8.974633E+01
2.09365625000E+06	4.759871E+01	-8.974386E+01
2.09552500000E+06	4.764871E+01	-8.975988E+01
2.09739375000E+06	4.769320E+01	-8.971027E+01
2.09926250000E+06	4.775612E+01	-8.973661E+01
2.10113125000E+06	4.778997E+01	-8.973038E+01
2.10300000000E+06	4.782730E+01	-8.972562E+01
2.10486875000E+06	4.785873E+01	-8.972712E+01
2.10673750000E+06	4.791411E+01	-8.974255E+01
2.10860625000E+06	4.795680E+01	-8.973531E+01
2.11047500000E+06	4.801714E+01	-8.972365E+01
2.11234375000E+06	4.806067E+01	-8.971854E+01
2.11421250000E+06	4.806466E+01	-8.973053E+01
2.11608125000E+06	4.813014E+01	-8.973609E+01
2.11795000000E+06	4.816737E+01	-8.974179E+01
2.11981875000E+06	4.820953E+01	-8.970515E+01
2.12168750000E+06	4.826322E+01	-8.973840E+01
2.12355625000E+06	4.829612E+01	-8.973009E+01
2.12542500000E+06	4.835588E+01	-8.974700E+01
2.12729375000E+06	4.837917E+01	-8.971873E+01
2.12916250000E+06	4.841764E+01	-8.973631E+01
2.13103125000E+06	4.846873E+01	-8.972868E+01
2.13290000000E+06	4.849954E+01	-8.971648E+01
2.13476875000E+06	4.855601E+01	-8.971933E+01
2.13663750000E+06	4.861674E+01	-8.971901E+01
2.13850625000E+06	4.864594E+01	-8.973038E+01
2.14037500000E+06	4.869585E+01	-8.973534E+01
2.14224375000E+06	4.874746E+01	-8.971016E+01
2.14411250000E+06	4.876235E+01	-8.972233E+01
2.14598125000E+06	4.879634E+01	-8.975477E+01
2.14785000000E+06	4.884969E+01	-8.973434E+01
2.14971875000E+06	4.888624E+01	-8.972820E+01
2.15158750000E+06	4.894197E+01	-8.972640E+01
2.15345625000E+06	4.898582E+01	-8.971298E+01
2.15532500000E+06	4.902464E+01	-8.972630E+01
2.15719375000E+06	4.906056E+01	-8.973167E+01
2.15906250000E+06	4.911974E+01	-8.972338E+01
2.16093125000E+06	4.915466E+01	-8.971558E+01
2.16280000000E+06	4.919451E+01	-8.972427E+01
2.16466875000E+06	4.923980E+01	-8.969343E+01
2.16653750000E+06	4.928257E+01	-8.970689E+01
2.16840625000E+06	4.933944E+01	-8.973058E+01
2.17027500000E+06	4.937561E+01	-8.973086E+01
2.17214375000E+06	4.941335E+01	-8.971332E+01
2.17401250000E+06	4.947438E+01	-8.971898E+01
2.17588125000E+06	4.948557E+01	-8.972523E+01
2.17775000000E+06	4.955774E+01	-8.972960E+01
2.17961875000E+06	4.959495E+01	-8.973003E+01
2.18148750000E+06	4.962722E+01	-8.971755E+01
2.18335625000E+06	4.965969E+01	-8.974127E+01
2.18522500000E+06	4.972591E+01	-8.971419E+01
2.18709375000E+06	4.976075E+01	-8.971706E+01
2.18896250000E+06	4.979639E+01	-8.972418E+01
2.19083125000E+06	4.984887E+01	-8.972775E+01
2.19270000000E+06	4.989318E+01	-8.972951E+01
2.19456875000E+06	4.991878E+01	-8.972853E+01
2.19643750000E+06	4.996422E+01	-8.972971E+01
2.19830625000E+06	5.002958E+01	-8.972158E+01
2.20017500000E+06	5.004964E+01	-8.971672E+01
2.20204375000E+06	5.009135E+01	-8.974789E+01
2.20391250000E+06	5.012094E+01	-8.971490E+01
2.20578125000E+06	5.017078E+01	-8.971316E+01
2.20765000000E+06	5.022539E+01	-8.973199E+01
2.20951875000E+06	5.025907E+01	-8.975765E+01
2.21138750000E+06	5.031168E+01	-8.972494E+01
2.21325625000E+06	5.035081E+01	-8.973474E+01
2.21512500000E+06	5.038577E+01	-8.970917E+01
2.21699375000E+06	5.044336E+01	-8.971564E+01
2.21886250000E+06	5.048028E+01	-8.973598E+01
2.22073125000E+06	5.051777E+01	-8.971634E+01
2.22260000000E+06	5.056992E+01	-8.971634E+01
2.22446875000E+06	5.059937E+01	-8.971838E+01
2.22633750000E+06	5.065752E+01	-8.973566E+01
2.22820625000E+06	5.071422E+01	-8.972856E+01
2.23007500000E+06	5.073040E+01	-8.973128E+01
2.23194375000E+06	5.077979E+01	-8.972337E+01
2.23381250000E+06	5.081475E+01	-8.972733E+01
2.23568125000E+06	5.085130E+01	-8.974369E+01
2.23755000000E+06	5.089468E+01	-8.972503E+01
2.23941875000E+06	5.094272E+01	-8.971539E+01
2.24128750000E+06	5.100412E+01	-8.973032E+01
2.24315625000E+06	5.102781E+01	-8.973063E+01
2.24502500000E+06	5.108027E+01	-8.974581E+01
2.24689375000E+06	5.111608E+01	-8.973357E+01
2.24876250000E+06	5.114675E+01	-8.972119E+01
2.25063125000E+06	5.120517E+01	-8.971486E+01
2.25250000000E+06	5.124857E+01	-8.974657E+01
2.25436875000E+06	5.129230E+01	-8.970869E+01
2.25623750000E+06	5.134221E+01	-8.971704E+01
2.25810625000E+06	5.137893E+01	-8.971467E+01
2.25997500000E+06	5.140676E+01	-8.971881E+01
2.26184375000E+06	5.146144E+01	-8.969575E+01
2.26371250000E+06	5.150742E+01	-8.972824E+01
2.26558125000E+06	5.154227E+01	-8.970352E+01
2.26745000000E+06	5.159819E+01	-8.971710E+01
2.26931875000E+06	5.162484E+01	-8.972118E+01
2.27118750000E+06	5.166953E+01	-8.973737E+01
2.27305625000E+06	5.171776E+01	-8.971722E+01
2.27492500000E+06	5.175376E+01	-8.971462E+01
2.27679375000E+06	5.181369E+01	-8.973066E+01
2.27866250000E+06	5.184724E+01	-8.973583E+01
2.28053125000E+06	5.189326E+01	-8.971321E+01
2.28240000000E+06	5.191632E+01	-8.971326E+01
2.28426875000E+06	5.196281E+01	-8.972549E+01
2.28613750000E+06	5.200522E+01	-8.971393E+01
2.28800625000E+06	5.205387E+01	-8.972095E+01
2.28987500000E+06	5.208764E+01	-8.970802E+01
2.29174375000E+06	5.215375E+01	-8.971236E+01
2.29361250000E+06	5.219345E+01	-8.971669E+01
2.29548125000E+06	5.221545E+01	-8.972533E+01
2.29735000000E+06	5.225702E+01	-8.972124E+01
2.29921875000E+06	5.230642E+01	-8.971823E+01
2.30108750000E+06	5.234671E+01	-8.972001E+01
2.30295625000E+06	5.239855E+01	-8.972074E+01
2.30482500000E+06	5.244106E+01	-8.970139E+01
2.30669375000E+06	5.248681E+01	-8.973354E+01
2.30856250000E+06	5.253405E+01	-8.972799E+01
2.31043125000E+06	5.255546E+01	-8.972131E+01
2.31230000000E+06	5.260274E+01	-8.971549E+01
2.31416875000E+06	5.265688E+01	-8.972768E+01
2.31603750000E+06	5.270708E+01	-8.973539E+01
2.31790625000E+06	5.274156E+01	-8.971878E+01
2.31977500000E+06	5.277528E+01	-8.970880E+01
2.32164375000E+06	5.281406E+01	-8.970937E+01
2.32351250000E+06	5.286764E+01	-8.970880E+01
2.32538125000E+06	5.290905E+01	-8.973162E+01
2.32725000000E+06	5.294386E+01	-8.972167E+01
2.32911875000E+06	5.298088E+01	-8.972520E+01
2.33098750000E+06	5.302217E+01	-8.972025E+01
2.33285625000E+06	5.307223E+01	-8.971386E+01
2.33472500000E+06	5.312775E+01	-8.971329E+01
2.33659375000E+06	5.316103E+01	-8.972617E+01
2.33846250000E+06	5.319725E+01	-8.973053E+01
2.34033125000E+06	5.324499E+01	-8.973990E+01
2.34220000000E+06	5.330755E+01	-8.970121E+01
2.34406875000E+06	5.333553E+01	-8.971529E+01
2.34593750000E+06	5.336676E+01	-8.971693E+01
2.34780625000E+06	5.341907E+01	-8.972755E+01
2.34967500000E+06	5.344658E+01	-8.972991E+01
2.35154375000E+06	5.351409E+01	-8.971486E+01
2.35341250000E+06	5.355138E+01	-8.972813E+01
2.35528125000E+06	5.359233E+01	-8.971612E+01
2.35715000000E+06	5.362711E+01	-8.972094E+01
2.35901875000E+06	5.367246E+01	-8.971933E+01
2.36088750000E+06	5.371329E+01	-8.972292E+01
2.36275625000E+06	5.376616E+01	-8.972335E+01
2.36462500000E+06	5.380204E+01	-8.971467E+01
2.36649375000E+06	5.383729E+01	-8.971333E+01
2.36836250000E+06	5.388898E+01	-8.970935E+01
2.37023125000E+06	5.392837E+01	-8.971401E+01
2.37210000000E+06	5.397785E+01	-8.971809E+01
2.37396875000E+06	5.402990E+01	-8.971336E+01
2.37583750000E+06	5.405513E+01	-8.971442E+01
2.37770625000E+06	5.410032E+01	-8.971421E+01
2.37957500000E+06	5.412344E+01	-8.973556E+01
2.38144375000E+06	5.420427E+01	-8.971398E+01
2.38331250000E+06	5.422947E+01	-8.969321E+01
2.38518125000E+06	5.428083E+01	-8.973718E+01
2.38705000000E+06	5.431628E+01	-8.973302E+01
2.38891875000E+06	5.435765E+01	-8.972128E+01
2.39078750000E+06	5.437695E+01	-8.971779E+01
2.39265625000E+06	5.444292E+01	-8.971672E+01
2.39452500000E+06	5.448260E+01	-8.970921E+01
2.39639375000E+06	5.452004E+01	-8.972470E+01
2.39826250000E+06	5.456972E+01	-8.969852E+01
2.40013125000E+06	5.459775E+01	-8.971278E+01
2.40200000000E+06	5.465360E+01	-8.970746E+01
2.40386875000E+06	5.467129E+01	-8.972173E+01
2.40573750000E+06	5.475549E+01	-8.970955E+01
2.40760625000E+06	5.478833E+01	-8.970567E+01
2.40947500000E+06	5.482185E+01	-8.971512E+01
2.41134375000E+06	5.487960E+01	-8.971708E+01
2.41321250000E+06	5.491056E+01	-8.972499E+01
2.41508125000E+06	5.495896E+01	-8.970843E+01
2.41695000000E+06	5.497747E+01	-8.971939E+01
2.41881875000E+06	5.502932E+01	-8.969686E+01
2.42068750000E+06	5.507763E+01	-8.973005E+01
2.42255625000E+06	5.511786E+01	-8.973318E+01
2.42442500000E+06	5.517028E+01	-8.972224E+01
2.42629375000E+06	5.521188E+01	-8.971768E+01
2.42816250000E+06	5.524206E+01	-8.970108E+01
2.43003125000E+06	5.530574E+01	-8.971666E+01
2.43190000000E+06	5.533697E+01	-8.971362E+01
2.43376875000E+06	5.535722E+01	-8.969349E+01
2.43563750000E+06	5.540858E+01	-8.971535E+01
2.43750625000E+06	5.545202E+01	-8.971574E+01
2.43937500000E+06	5.550243E+01	-8.970909E+01
2.44124375000E+06	5.553196E+01	-8.972596E+01
2.44311250000E+06	5.558084E+01	-8.974220E+01
2.44498125000E+06	5.562601E+01	-8.971055E+01
2.44685000000E+06	5.565469E+01	-8.968802E+01
2.44871875000E+06	5.570142E+01	-8.973742E+01
2.45058750000E+06	5.574731E+01	-8.971613E+01
2.45245625000E+06	5.580408E+01	-8.970375E+01
2.45432500000E+06	5.584554E+01	-8.970725E+01
2.45619375000E+06	5.587251E+01	-8.971575E+01
2.45806250000E+06	5.593708E+01	-8.971374E+01
2.45993125000E+06	5.595569E+01	-8.970580E+01
2.46180000000E+06	5.602919E+01	-8.969543E+01
2.46366875000E+06	5.603292E+01	-8.969954E+01
2.46553750000E+06	5.609563E+01	-8.970882E+01
2.46740625000E+06	5.614740E+01	-8.972112E+01
2.46927500000E+06	5.617128E+01	-8.971274E+01
2.47114375000E+06	5.622731E+01	-8.968127E+01
2.47301250000E+06	5.626136E+01	-8.970325E+01
2.47488125000E+06	5.631217E+01	-8.971861E+01
2.47675000000E+06	5.635710E+01	-8.970920E+01
2.47861875000E+06	5.638816E+01	-8.969099E+01
2.48048750000E+06	5.643114E+01	-8.970998E+01
2.48235625000E+06	5.650323E+01	-8.972359E+01
2.48422500000E+06	5.652995E+01	-8.969373E+01
2.48609375000E+06	5.658539E+01	-8.970485E+01
2.48796250000E+06	5.659948E+01	-8.968282E+01
2.48983125000E+06	5.665765E+01	-8.971883E+01
2.49170000000E+06	5.668018E+01	-8.971513E+01
2.49356875000E+06	5.673373E+01	-8.971889E+01
2.49543750000E+06	5.678210E+01	-8.969378E+01
2.49730625000E+06	5.683036E+01	-8.970605E+01
2.49917500000E+06	5.687365E+01	-8.971588E+01
2.50104375000E+06	5.691335E+01	-8.970692E+01
2.50291250000E+06	5.694509E+01	-8.970971E+01
2.50478125000E+06	5.698904E+01	-8.971982E+01
2.50665000000E+06	5.703304E+01	-8.970978E+01
2.50851875000E+06	5.707410E+01	-8.971358E+01
2.51038750000E+06	5.712503E+01	-8.971320E+01
2.51225625000E+06	5.718164E+01	-8.971518E+01
2.51412500000E+06	5.719621E+01	-8.969885E+01
2.51599375000E+06	5.724383E+01	-8.970779E+01
2.51786250000E+06	5.730895E+01	-8.971069E+01
2.51973125000E+06	5.732708E+01	-8.969905E+01
2.52160000000E+06	5.737371E+01	-8.970449E+01
2.52346875000E+06	5.741228E+01	-8.968889E+01
2.52533750000E+06	5.746866E+01	-8.968135E+01
2.52720625000E+06	5.750825E+01	-8.968551E+01
2.52907500000E+06	5.755907E+01	-8.970710E+01
2.53094375000E+06	5.758267E+01	-8.970522E+01
2.53281250000E+06	5.762754E+01	-8.969393E+01
2.53468125000E+06	5.766930E+01	-8.969806E+01
2.53655000000E+06	5.772070E+01	-8.971515E+01
2.53841875000E+06	5.775243E+01	-8.971774E+01
2.54028750000E+06	5.779070E+01	-8.970528E+01
2.54215625000E+06	5.784460E+01	-8.969033E+01
2.54402500000E+06	5.788299E+01	-8.972117E+01
2.54589375000E+06	5.793918E+01	-8.969284E+01
2.54776250000E+06	5.796750E+01	-8.968912E+01
2.54963125000E+06	5.800930E+01	-8.970682E+01
2.55150000000E+06	5.805742E+01	-8.970695E+01
2.55336875000E+06	5.809780E+01	-8.971216E+01
2.55523750000E+06	5.814186E+01	-8.970876E+01
2.55710625000E+06	5.818113E+01	-8.970456E+01
2.55897500000E+06	5.823282E+01	-8.970364E+01
2.56084375000E+06	5.825778E+01	-8.968804E+01
2.56271250000E+06	5.830719E+01	-8.970510E+01
2.56458125000E+06	5.833868E+01	-8.969373E+01
2.56645000000E+06	5.839683E+01	-8.970605E+01
2.56831875000E+06	5.842622E+01	-8.968826E+01
2.57018750000E+06	5.848876E+01	-8.969897E+01
2.57205625000E+06	5.852210E+01	-8.969808E+01
2.57392500000E+06	5.855130E+01	-8.970376E+01
2.57579375000E+06	5.860545E+01	-8.970348E+01
2.57766250000E+06	5.864669E+01	-8.969823E+01
2.57953125000E+06	5.869561E+01	-8.969357E+01
2.58140000000E+06	5.874139E+01	-8.970825E+01
2.58326875000E+06	5.877555E+01	-8.969856E+01
2.58513750000E+06	5.882060E+01	-8.969933E+01
2.58700625000E+06	5.888277E+01	-8.969446E+01
2.58887500000E+06	5.888969E+01	-8.967835E+01
2.59074375000E+06	5.895554E+01	-8.969054E+01
2.59261250000E+06	5.899416E+01	-8.969234E+01
2.59448125000E+06	5.903638E+01	-8.970139E+01
2.59635000000E+06	5.906754E+01	-8.969115E+01
2.59821875000E+06	5.912485E+01	-8.968139E+01
2.60008750000E+06	5.915858E+01	-8.969917E+01
2.60195625000E+06	5.919228E+01	-8.970261E+01
2.60382500000E+06	5.924965E+01	-8.970556E+01
2.60569375000E+06	5.929874E+01	-8.970000E+01
2.60756250000E+06	5.932955E+01	-8.969230E+01
2.60943125000E+06	5.936818E+01	-8.968434E+01
2.61130000000E+06	5.940427E+01	-8.969313E+01
2.61316875000E+06	5.946240E+01	-8.969950E+01
2.61503750000E+06	5.950320E+01	-8.968686E+01
2.61690625000E+06	5.954587E+01	-8.970814E+01
2.61877500000E+06	5.958818E+01	-8.970123E+01
2.62064375000E+06	5.961144E+01	-8.969466E+01
2.62251250000E+06	5.967499E+01	-8.968965E+01
2.62438125000E+06	5.969582E+01	-8.967695E+01
2.62625000000E+06	5.977072E+01	-8.969530E+01
2.62811875000E+06	5.980544E+01	-8.968954E+01
2.62998750000E+06	5.984713E+01	-8.969926E+01
2.63185625000E+06	5.990060E+01	-8.969285E+01
2.63372500000E+06	5.991674E+01	-8.968399E+01
2.63559375000E+06	5.996289E+01	-8.967796E+01
2.63746250000E+06	6.002496E+01	-8.969444E+01
2.63933125000E+06	6.005025E+01	-8.967697E+01
2.64120000000E+06	6.009736E+01	-8.969341E+01
2.64306875000E+06	6.013500E+01	-8.969069E+01
2.64493750000E+06	6.018142E+01	-8.968575E+01
2.64680625000E+06	6.022382E+01	-8.968024E+01
2.64867500000E+06	6.025879E+01	-8.967958E+01
2.65054375000E+06	6.030862E+01	-8.968543E+01
2.65241250000E+06	6.035310E+01	-8.970578E+01
2.65428125000E+06	6.039268E+01	-8.967166E+01
2.65615000000E+06	6.043092E+01	-8.969508E+01
2.65801875000E+06	6.046904E+01	-8.969036E+01
2.65988750000E+06	6.052211E+01	-8.969636E+01
2.66175625000E+06	6.055418E+01	-8.968001E+01
2.66362500000E+06	6.059423E+01	-8.968357E+01
2.66549375000E+06	6.064149E+01	-8.967985E+01
2.66736250000E+06	6.069074E+01	-8.968755E+01
2.66923125000E+06	6.074375E+01	-8.968018E+01
2.67110000000E+06	6.077602E+01	-8.968745E+01
2.67296875000E+06	6.081104E+01	-8.968401E+01
2.67483750000E+06	6.084806E+01	-8.967934E+01
2.67670625000E+06	6.089959E+01	-8.969073E+01
2.67857500000E+06	6.093809E+01	-8.967828E+01
2.68044375000E+06	6.099710E+01	-8.968220E+01
2.68231250000E+06	6.104198E+01	-8.968524E+01
2.68418125000E+06	6.107228E+01	-8.967348E+01
2.68605000000E+06	6.112728E+01	-8.967355E+01
2.68791875000E+06	6.115236E+01	-8.968448E+01
2.68978750000E+06	6.119632E+01	-8.967517E+01
2.69165625000E+06	6.123543E+01	-8.968891E+01
2.69352500000E+06	6.128992E+01	-8.967988E+01
2.69539375000E+06	6.134793E+01	-8.969230E+01
2.69726250000E+06	6.137543E+01	-8.968406E+01
2.69913125000E+06	6.140575E+01	-8.967487E+01
2.70100000000E+06	6.144723E+01	-8.968197E+01
2.70286875000E+06	6.148601E+01	-8.966342E+01
2.70473750000E+06	6.153635E+01	-8.967837E+01
2.70660625000E+06	6.158475E+01	-8.967008E+01
2.70847500000E+06	6.161964E+01	-8.968266E+01
2.71034375000E+06	6.166337E+01	-8.968154E+01
2.71221250000E+06	6.172186E+01	-8.968922E+01
2.71408125000E+06	6.174946E+01	-8.969649E+01
2.71595000000E+06	6.179840E+01	-8.967061E+01
2.71781875000E+06	6.184298E+01	-8.965033E+01
2.71968750000E+06	6.187900E+01	-8.967204E+01
2.72155625000E+06	6.191553E+01	-8.967345E+01
2.72342500000E+06	6.196033E+01	-8.967958E+01
2.72529375000E+06	6.200515E+01	-8.967890E+01
2.72716250000E+06	6.203302E+01	-8.967884E+01
2.72903125000E+06	6.210188E+01	-8.966863E+01
2.73090000000E+06	6.213229E+01	-8.967292E+01
2.73276875000E+06	6.218442E+01	-8.966216E+01
2.73463750000E+06	6.222513E+01	-8.967212E+01
2.73650625000E+06	6.227330E+01	-8.967027E+01
2.73837500000E+06	6.231887E+01	-8.967281E+01
2.74024375000E+06	6.233298E+01	-8.966776E+01
2.74211250000E+06	6.238584E+01	-8.967378E+01
2.74398125000E+06	6.243031E+01	-8.969491E+01
2.74585000000E+06	6.248050E+01	-8.967458E+01
2.74771875000E+06	6.252248E+01	-8.967126E+01
2.74958750000E+06	6.255918E+01	-8.966841E+01
2.75145625000E+06	6.261480E+01	-8.967324E+01
2.75332500000E+06	6.265213E+01	-8.966221E+01
2.75519375000E+06	6.269052E+01	-8.967561E+01
2.75706250000E+06	6.272724E+01	-8.966580E+01
2.75893125000E+06	6.278165E+01	-8.966941E+01
2.76080000000E+06	6.281979E+01	-8.967735E+01
2.76266875000E+06	6.287952E+01	-8.965768E+01
2.76453750000E+06	6.289000E+01	-8.967503E+01
2.76640625000E+06	6.294324E+01	-8.967088E+01
2.76827500000E+06	6.298385E+01	-8.966082E+01
2.77014375000E+06	6.303993E+01	-8.967506E+01
2.77201250000E+06	6.306344E+01	-8.966120E+01
2.77388125000E+06	6.311339E+01	-8.968126E+01
2.77575000000E+06	6.314913E+01	-8.968082E+01
2.77761875000E+06	6.319147E+01	-8.965847E+01
2.77948750000E+06	6.322985E+01	-8.966964E+01
2.78135625000E+06	6.329531E+01	-8.966138E+01
2.78322500000E+06	6.332610E+01	-8.967024E+01
2.78509375000E+06	6.338470E+01	-8.966345E+01
2.78696250000E+06	6.340802E+01	-8.966308E+01
2.78883125000E+06	6.343813E+01	-8.966167E+01
2.79070000000E+06	6.347724E+01	-8.965726E+01
2.79256875000E+06	6.354308E+01	-8.964901E+01
2.79443750000E+06	6.358068E+01	-8.966042E+01
2.79630625000E+06	6.361646E+01	-8.965631E+01
2.79817500000E+06	6.367048E+01	-8.966164E+01
2.80004375000E+06	6.371876E+01	-8.967515E+01
2.80191250000E+06	6.373460E+01	-8.966342E+01
2.80378125000E+06	6.379416E+01	-8.964948E+01
2.80565000000E+06	6.383262E+01	-8.964391E+01
2.80751875000E+06	6.386574E+01	-8.964857E+01
2.80938750000E+06	6.390907E+01	-8.966726E+01
2.81125625000E+06	6.396453E+01	-8.964908E+01
2.81312500000E+06	6.399937E+01	-8.965944E+01
2.81499375000E+06	6.403289E+01	-8.965688E+01
2.81686250000E+06	6.410123E+01	-8.964657E+01
2.81873125000E+06	6.413317E+01	-8.966111E+01
2.82060000000E+06	6.420094E+01	-8.964835E+01
2.82246875000E+06	6.420061E+01	-8.965613E+01
2.82433750000E+06	6.427470E+01	-8.965260E+01
2.82620625000E+06	6.430495E+01	-8.965756E+01
2.82807500000E+06	6.432926E+01	-8.963538E+01
2.82994375000E+06	6.439527E+01	-8.965512E+01
2.83181250000E+06	6.440888E+01	-8.965302E+01
2.83368125000E+06	6.447166E+01	-8.964464E+01
2.83555000000E+06	6.451694E+01	-8.965906E+01
2.83741875000E+06	6.457550E+01	-8.962814E+01
2.83928750000E+06	6.460073E+01	-8.963168E+01
2.84115625000E+06	6.462206E+01	-8.964015E+01
2.84302500000E+06	6.469836E+01	-8.964659E+01
2.84489375000E+06	6.471979E+01	-8.965034E+01
2.84676250000E+06	6.477016E+01	-8.962866E+01
2.84863125000E+06	6.480703E+01	-8.965205E+01
2.85050000000E+06	6.482812E+01	-8.964838E+01
2.85236875000E+06	6.488908E+01	-8.965637E+01
2.85423750000E+06	6.494715E+01	-8.964895E+01
2.85610625000E+06	6.497952E+01	-8.963335E+01
2.85797500000E+06	6.503163E+01	-8.964790E+01
2.85984375000E+06	6.506750E+01	-8.964353E+01
2.86171250000E+06	6.511918E+01	-8.964296E+01
2.86358125000E+06	6.514529E+01	-8.964875E+01
2.86545000000E+06	6.519784E+01	-8.963720E+01
2.86731875000E+06	6.524782E+01	-8.965195E+01
2.86918750000E+06	6.526741E+01	-8.964542E+01
2.87105625000E+06	6.533762E+01	-8.962713E+01
2.87292500000E+06	6.536310E+01	-8.963183E+01
2.87479375000E+06	6.539060E+01	-8.964972E+01
2.87666250000E+06	6.545258E+01	-8.964129E+01
2.87853125000E+06	6.549938E+01	-8.963923E+01
2.88040000000E+06	6.553896E+01	-8.963263E+01
2.88226875000E+06	6.556789E+01	-8.962410E+01
2.88413750000E+06	6.562544E+01	-8.962383E+01
2.88600625000E+06	6.567599E+01	-8.962603E+01
2.88787500000E+06	6.571866E+01	-8.964201E+01
2.88974375000E+06	6.575611E+01	-8.963197E+01
2.89161250000E+06	6.579719E+01	-8.963754E+01
2.89348125000E+06	6.583476E+01	-8.963613E+01
2.89535000000E+06	6.588871E+01	-8.963600E+01
2.89721875000E+06	6.592153E+01	-8.963035E+01
2.89908750000E+06	6.596146E+01	-8.963634E+01
2.90095625000E+06	6.600739E+01	-8.963664E+01
2.90282500000E+06	6.606188E+01	-8.962244E+01
2.90469375000E+06	6.608240E+01	-8.962535E+01
2.90656250000E+06	6.615406E+01	-8.962732E+01
2.90843125000E+06	6.618683E+01	-8.962500E+01
2.91030000000E+06	6.622896E+01	-8.963811E+01
2.91216875000E+06	6.625498E+01	-8.963068E+01
2.91403750000E+06	6.631997E+01	-8.963544E+01
2.91590625000E+06	6.634261E+01	-8.963308E+01
2.91777500000E+06	6.639516E+01	-8.963042E+01
2.91964375000E+06	6.643848E+01	-8.961815E+01
2.92151250000E+06	6.646797E+01	-8.962429E+01
2.92338125000E+06	6.652296E+01	-8.962909E+01
2.92525000000E+06	6.655257E+01	-8.961962E+01
2.92711875000E+06	6.659928E+01	-8.962819E+01
2.92898750000E+06	6.665966E+01	-8.962462E+01
2.93085625000E+06	6.668987E+01	-8.962539E+01
2.93272500000E+06	6.672752E+01	-8.962358E+01
2.93459375000E+06	6.677818E+01	-8.962984E+01
2.93646250000E+06	6.683072E+01	-8.963273E+01
2.93833125000E+06	6.685886E+01	-8.963091E+01
2.94020000000E+06	6.690601E+01	-8.961628E+01
2.94206875000E+06	6.695418E+01	-8.962792E+01
2.94393750000E+06	6.699104E+01	-8.962714E+01
2.94580625000E+06	6.703621E+01	-8.963457E+01
2.94767500000E+06	6.708925E+01	-8.962175E+01
2.94954375000E+06	6.711256E+01	-8.962695E+01
2.95141250000E+06	6.717284E+01	-8.960876E+01
2.95328125000E+06	6.719386E+01	-8.962159E+01
2.95515000000E+06	6.724103E+01	-8.962070E+01
2.95701875000E+06	6.728722E+01	-8.962687E+01
2.95888750000E+06	6.733529E+01	-8.962988E+01
2.96075625000E+06	6.736018E+01	-8.961613E+01
2.96262500000E+06	6.742840E+01	-8.961045E+01
2.96449375000E+06	6.744379E+01	-8.961951E+01
2.96636250000E+06	6.750220E+01	-8.961736E+01
2.96823125000E+06	6.754238E+01	-8.961952E+01
2.97010000000E+06	6.758123E+01	-8.961874E+01
2.97196875000E+06	6.763655E+01	-8.962133E+01
2.97383750000E+06	6.766051E+01	-8.960950E+01
2.97570625000E+06	6.769360E+01	-8.961044E+01
2.97757500000E+06	6.774825E+01	-8.962876E+01
2.97944375000E+06	6.780402E+01	-8.961060E+01
2.98131250000E+06	6.783278E+01	-8.961117E+01
2.98318125000E+06	6.788198E+01	-8.960956E+01
2.98505000000E+06	6.793044E+01	-8.960133E+01
2.98691875000E+06	6.795682E+01	-8.961673E+01
2.98878750000E+06	6.801249E+01	-8.961121E+01
2.99065625000E+06	6.806685E+01	-8.960872E+01
2.99252500000E+06	6.810353E+01	-8.960590E+01
2.99439375000E+06	6.813847E+01	-8.961434E+01
2.99626250000E+06	6.817931E+01	-8.961269E+01
2.99813125000E+06	6.823146E+01	-8.960006E+01
3.00000000000E+06	6.826268E+01	-8.959390E+01
